5 255 255 228 133 118 120 169 216 219 215 213 205 206 
camera 110 72 74 75 77 78 80 79 81 80 82 83 83 82 80 65 60 60 73 119 138 141 144 145 147 146 153 155 158 158 162 164 166 171 173 176 177 180 182 183 188 192 177 107 84 81 80 80 80 80 81 81 82 82 83 84 85 86 87 89 129 235 254 255 255 255 255 255 255 255 255 255 255 255 192 118 111 111 112 112 115 118 119 123 125 130 134 139 144 150 158 168 255 255 255 255 255 255 255 255 255 255 255 255 255 255 255 255 255 255 255 255 255 255 255 255 255 233 137 122 124 174 223 227 223 221 212 212 
camera 110 73 75 75 77 78 80 79 81 81 82 83 84 82 80 65 60 60 73 120 138 142 145 146 147 147 154 155 158 159 162 165 167 172 173 176 179 180 184 184 190 193 178 107 84 82 81 80 80 81 81 81 82 82 84 85 86 87 88 90 130 237 255 255 255 255 255 255 255 255 255 255 255 255 194 120 112 113 114 114 116 120 120 125 128 133 137 141 146 152 160 171 255 255 255 255 255 255 255 255 255 255 255 255 255 255 255 255 255 255 255 255 255 255 255 255 255 238 139 125 127 178 229 234 228 227 218 219 
camera 110 73 75 75 77 78 80 80 81 81 82 83 83 83 80 66 60 60 73 120 139 143 145 146 148 147 153 156 158 159 162 166 167 172 173 176 179 181 184 185 190 193 178 108 84 81 81 80 80 80 81 81 83 82 84 85 86 86 88 89 130 237 255 255 255 255 255 255 255 255 255 255 255 255 193 119 111 112 113 114 116 119 120 125 127 132 136 141 145 151 160 170 255 255 255 255 255 255 255 255 255 255 255 255 255 255 255 255 255 255 255 255 255 255 255 255 255 238 139 124 126 177 228 232 227 226 217 218 
camera 110 72 74 74 77 77 79 79 81 80 82 82 83 82 80 65 60 59 73 119 137 141 143 144 146 145 152 153 156 158 161 163 165 170 171 174 176 179 182 182 187 191 176 105 83 81 80 78 79 79 80 80 81 81 82 83 84 85 87 88 128 232 253 255 255 255 255 255 255 255 255 255 255 255 190 117 109 110 110 111 113 117 117 122 124 129 132 137 142 147 155 165 254 255 255 255 255 255 255 255 255 255 255 255 255 255 255 255 255 255 255 255 255 255 255 255 255 230 135 120 122 170 219 223 218 217 209 210 
camera 112 72 73 74 76 77 79 78 80 80 81 82 82 82 79 64 59 59 72 118 136 140 142 143 145 145 151 153 156 156 160 163 164 169 171 173 175 178 181 181 186 189 175 105 83 80 79 79 79 79 80 80 81 81 82 83 84 84 86 88 127 230 253 255 255 255 255 255 255 255 255 255 255 255 187 116 109 109 110 110 112 116 117 120 122 127 131 136 141 145 153 164 253 255 255 255 255 255 255 255 255 255 255 255 255 255 255 255 255 255 255 255 255 255 255 255 255 228 132 119 120 168 216 219 215 213 206 206 
camera 110 72 74 74 77 78 80 79 81 81 82 82 83 82 79 65 60 60 73 119 137 141 144 145 146 146 152 154 156 158 160 164 166 171 173 175 177 179 182 183 188 191 177 107 83 81 80 79 79 79 81 81 82 82 83 84 85 85 87 89 128 234 254 255 255 255 255 255 255 255 255 255 255 255 190 118 110 111 112 112 114 118 118 122 125 131 134 139 144 149 157 167 255 255 255 255 255 255 255 255 255 255 255 255 255 255 255 255 255 255 255 255 255 255 255 255 255 233 136 122 124 173 223 227 222 220 211 212 
camera 110 73 74 75 77 78 80 80 81 81 82 83 84 83 80 65 60 60 73 119 138 142 145 146 147 147 154 155 158 160 163 166 167 171 174 176 179 181 184 185 190 194 178 108 85 82 81 80 80 80 81 82 83 83 84 85 86 87 88 90 131 237 255 255 255 255 255 255 255 255 255 255 255 255 193 120 113 113 114 114 117 121 121 125 128 133 137 142 147 152 161 171 255 255 255 255 255 255 255 255 255 255 255 255 255 255 255 255 255 255 255 255 255 255 255 255 255 239 140 124 127 178 230 233 229 227 219 219 
camera 111 73 74 75 77 78 80 80 81 81 83 83 84 83 80 65 60 60 74 121 139 143 145 146 148 148 154 156 159 160 163 166 168 172 174 177 180 182 185 186 192 194 180 109 84 82 81 81 80 81 81 82 83 83 84 85 86 87 88 90 131 238 255 255 255 255 255 255 255 255 255 255 255 255 194 120 113 113 114 115 117 121 121 125 129 133 137 142 147 153 161 172 255 255 255 255 255 255 255 255 255 255 255 255 255 255 255 255 255 255 255 255 255 255 255 255 255 239 139 125 127 178 229 234 229 227 218 219 
camera 110 73 74 74 77 78 79 79 81 80 82 82 83 82 80 65 60 60 73 119 137 142 144 145 147 146 152 154 157 158 162 165 166 171 172 175 177 179 182 183 188 191 177 107 84 81 80 79 79 80 80 81 82 82 83 84 86 86 87 89 129 234 254 255 255 255 255 255 255 255 255 255 255 255 192 117 110 111 112 112 114 117 118 122 124 130 133 138 142 148 156 166 254 255 255 255 255 255 255 255 255 255 255 255 255 255 255 255 255 255 255 255 255 255 255 255 255 231 135 121 123 172 221 225 220 218 210 211 
camera 110 72 73 74 76 77 79 79 80 80 81 82 82 82 79 64 59 59 72 118 137 141 143 144 145 145 151 153 156 157 161 163 165 169 171 173 176 178 181 181 187 190 175 106 83 80 80 79 79 79 79 80 81 81 82 83 84 85 86 88 127 231 253 255 255 255 255 255 255 255 255 255 255 255 189 116 109 109 110 111 113 116 117 121 123 128 131 136 141 146 154 164 253 255 255 255 255 255 255 255 255 255 255 255 255 255 255 255 255 255 255 255 255 255 255 255 255 228 133 119 120 168 215 220 215 214 206 206 
camera 111 73 74 74 77 78 80 79 80 80 82 82 83 82 80 65 60 60 73 120 138 142 144 145 147 146 153 155 158 158 161 165 166 171 173 175 177 180 182 184 188 192 177 107 84 81 80 80 80 80 81 81 82 82 83 84 86 86 88 89 129 236 254 255 255 255 255 255 255 255 255 255 255 255 192 118 111 111 112 113 115 118 119 123 126 131 134 140 143 150 158 169 255 255 255 255 255 255 255 255 255 255 255 255 255 255 255 255 255 255 255 255 255 255 255 255 255 234 136 122 124 173 223 227 222 221 212 213 
camera 112 73 74 76 77 79 80 80 82 81 82 83 84 83 80 65 61 60 74 120 138 142 145 146 148 147 153 156 159 159 163 166 167 172 174 177 179 181 184 185 191 193 179 108 85 82 81 80 80 81 81 81 83 83 84 85 86 87 89 91 131 238 255 255 255 255 255 255 255 255 255 255 255 255 194 120 113 113 114 114 117 121 121 125 129 133 138 142 147 153 162 173 255 255 255 255 255 255 255 255 255 255 255 255 255 255 255 255 255 255 255 255 255 255 255 255 255 240 140 125 127 178 229 233 228 227 219 219 
camera 112 73 74 76 77 79 80 80 81 81 82 84 84 83 80 65 61 60 74 121 139 143 146 147 148 147 154 156 159 160 163 166 169 173 174 177 180 182 184 186 191 194 179 108 84 82 81 80 80 81 82 81 83 83 84 86 86 87 89 91 131 239 255 255 255 255 255 255 255 255 255 255 255 255 193 120 113 113 114 115 117 121 121 125 128 134 137 142 147 153 161 172 255 255 255 255 255 255 255 255 255 255 255 255 255 255 255 255 255 255 255 255 255 255 255 255 255 240 140 125 127 178 230 234 228 227 219 219 
camera 111 73 74 75 77 78 80 79 81 81 82 83 83 83 80 65 60 59 73 120 137 142 144 145 147 146 152 155 157 158 161 165 166 171 173 175 178 180 183 184 189 192 177 107 84 80 80 79 80 80 80 80 82 82 83 85 85 86 87 89 129 236 254 255 255 255 255 255 255 255 255 255 255 255 192 118 111 111 112 113 114 118 119 123 125 130 134 138 144 149 157 167 255 255 255 255 255 255 255 255 255 255 255 255 255 255 255 255 255 255 255 255 255 255 255 255 255 232 136 121 123 172 222 225 221 219 210 211 
camera 111 72 74 74 77 77 79 79 80 80 81 82 83 82 79 64 60 60 73 119 137 141 143 145 146 146 152 154 156 158 161 164 166 170 172 174 177 180 182 182 188 192 177 107 84 81 80 79 79 80 80 80 82 81 83 84 85 85 88 89 129 234 254 255 255 255 255 255 255 255 255 255 255 255 189 117 110 110 110 111 113 117 117 121 124 129 132 137 142 147 155 166 254 255 255 255 255 255 255 255 255 255 255 255 255 255 255 255 255 255 255 255 255 255 255 255 255 229 133 120 122 169 217 221 217 216 208 208 
camera 110 73 74 75 77 78 80 79 81 80 81 83 83 83 80 65 60 60 73 120 139 142 144 146 148 146 153 155 158 159 162 165 167 172 173 176 179 181 183 184 190 194 178 108 84 81 81 80 80 80 81 81 83 82 84 85 86 86 88 90 130 237 255 255 255 255 255 255 255 255 255 255 255 255 192 119 112 112 112 113 115 119 119 124 126 131 135 140 145 150 158 169 255 255 255 255 255 255 255 255 255 255 255 255 255 255 255 255 255 255 255 255 255 255 255 255 255 234 137 123 124 174 224 228 223 221 213 214 
camera 111 73 75 75 78 78 80 80 81 81 83 83 84 83 80 65 61 60 74 120 138 143 145 146 148 147 154 157 159 160 163 166 168 173 174 177 180 182 185 185 190 195 179 108 85 82 81 81 81 81 82 82 83 83 85 86 86 88 89 91 132 241 255 255 255 255 255 255 255 255 255 255 255 255 194 121 113 114 114 115 118 121 122 126 129 134 138 142 147 153 162 173 255 255 255 255 255 255 255 255 255 255 255 255 255 255 255 255 255 255 255 255 255 255 255 255 255 241 140 125 127 179 230 235 229 228 219 220 
camera 112 73 75 76 78 79 81 80 82 82 83 84 84 84 81 66 60 61 74 121 139 143 146 147 149 149 155 158 160 161 164 167 169 174 176 178 181 183 186 187 192 196 181 109 85 82 82 81 81 81 82 82 83 84 85 85 87 87 90 91 133 242 255 255 255 255 255 255 255 255 255 255 255 255 195 121 114 115 115 115 117 122 122 127 129 134 138 143 149 154 163 173 255 255 255 255 255 255 255 255 255 255 255 255 255 255 255 255 255 255 255 255 255 255 255 255 255 242 141 126 128 179 231 236 231 229 220 221 
camera 110 73 74 75 77 78 80 80 81 81 82 83 84 83 80 65 60 60 74 120 138 142 145 146 147 147 154 156 158 160 163 165 167 172 173 176 178 181 184 184 190 193 178 108 84 81 81 80 80 80 81 81 82 83 84 85 86 86 88 90 130 237 255 255 255 255 255 255 255 255 255 255 255 255 192 118 111 111 113 113 115 119 119 123 127 131 135 139 144 150 158 168 255 255 255 255 255 255 255 255 255 255 255 255 255 255 255 255 255 255 255 255 255 255 255 255 255 234 136 122 124 173 223 226 222 220 212 213 
camera 112 72 73 74 76 77 79 79 80 80 81 83 83 82 80 65 59 59 73 119 137 141 143 144 146 146 152 154 157 158 161 164 165 170 172 174 177 179 182 182 188 192 176 107 83 80 80 80 79 79 80 80 82 82 83 84 85 85 86 89 128 234 254 255 255 255 255 255 255 255 255 255 255 255 189 116 109 110 111 111 113 117 117 121 123 129 132 137 142 147 155 165 254 255 255 255 255 255 255 255 255 255 255 255 255 255 255 255 255 255 255 255 255 255 255 255 255 229 133 120 121 170 217 221 216 215 207 207 
camera 112 73 74 75 77 78 80 80 82 81 82 83 83 83 80 65 61 60 74 121 138 143 145 146 148 147 154 156 159 159 162 165 167 171 173 176 178 181 183 185 190 194 178 107 84 82 81 79 80 80 81 81 83 83 84 85 86 87 88 90 131 237 255 255 255 255 255 255 255 255 255 255 255 255 192 119 111 112 112 113 116 119 120 124 127 131 135 140 145 150 158 169 255 255 255 255 255 255 255 255 255 255 255 255 255 255 255 255 255 255 255 255 255 255 255 255 255 235 137 122 124 173 223 227 222 221 213 213 
camera 113 73 75 75 77 79 80 80 82 81 83 83 84 83 80 66 61 61 74 121 140 143 145 147 148 148 155 157 159 160 163 166 168 173 175 178 180 183 185 186 192 195 180 109 85 83 82 81 81 81 82 82 84 84 85 85 87 88 89 91 132 240 255 255 255 255 255 255 255 255 255 255 255 255 196 121 113 114 115 115 118 121 122 127 129 134 138 143 148 154 162 173 255 255 255 255 255 255 255 255 255 255 255 255 255 255 255 255 255 255 255 255 255 255 255 255 255 241 140 126 127 179 230 235 230 228 219 221 
camera 111 74 75 76 78 79 81 81 82 82 83 84 85 84 81 66 61 61 74 122 140 145 146 148 150 149 155 158 161 162 165 168 169 175 176 179 181 184 187 188 193 197 182 109 86 83 82 81 82 82 82 83 84 84 85 87 88 88 90 92 134 243 255 255 255 255 255 255 255 255 255 255 255 255 196 122 114 115 116 117 119 123 122 127 130 135 139 144 149 155 164 175 255 255 255 255 255 255 255 255 255 255 255 255 255 255 255 255 255 255 255 255 255 255 255 255 255 242 142 127 129 179 232 236 231 230 222 223 
camera 112 73 74 75 77 78 80 80 82 81 82 83 84 83 80 65 60 60 74 121 139 143 145 147 149 148 154 156 159 160 163 166 167 173 174 177 179 182 184 185 191 194 179 108 84 82 81 80 81 81 81 81 83 83 85 85 86 87 89 91 131 239 255 255 255 255 255 255 255 255 255 255 255 255 193 119 112 112 113 114 115 119 120 124 127 132 135 140 145 151 159 171 255 255 255 255 255 255 255 255 255 255 255 255 255 255 255 255 255 255 255 255 255 255 255 255 255 234 137 123 124 174 223 227 222 221 213 213 
camera 111 73 74 75 77 78 80 79 81 81 82 83 83 82 79 65 60 60 73 119 138 142 144 146 147 147 153 155 158 159 161 164 166 171 173 176 177 180 183 184 189 192 177 107 84 81 80 80 80 80 81 80 82 82 83 84 86 86 88 90 130 236 255 255 255 255 255 255 255 255 255 255 255 255 191 117 111 111 112 112 114 117 118 121 124 130 133 138 143 148 156 167 254 255 255 255 255 255 255 255 255 255 255 255 255 255 255 255 255 255 255 255 255 255 255 255 255 229 135 120 122 170 218 222 217 216 208 208 
camera 113 73 74 75 77 79 81 80 82 81 82 84 85 83 80 66 61 61 73 121 139 144 146 147 149 148 155 157 160 161 163 167 168 174 176 178 180 183 185 187 192 196 181 108 85 82 82 81 81 81 82 83 84 84 85 86 87 88 90 92 132 241 255 255 255 255 255 255 255 255 255 255 255 255 194 120 112 113 114 114 117 120 121 125 128 133 137 142 147 152 161 172 255 255 255 255 255 255 255 255 255 255 255 255 255 255 255 255 255 255 255 255 255 255 255 255 255 236 138 124 126 175 225 229 224 223 214 215 
camera 111 74 75 76 78 79 81 80 82 83 83 84 85 84 81 66 61 61 74 122 140 144 147 148 150 149 156 159 161 162 165 168 170 175 177 180 182 185 188 189 194 198 182 110 86 83 83 82 82 83 83 83 85 85 86 87 88 90 91 93 135 246 255 255 255 255 255 255 255 255 255 255 255 255 198 123 115 116 117 118 120 123 124 129 132 136 140 146 150 157 165 177 255 255 255 255 255 255 255 255 255 255 255 255 255 255 255 255 255 255 255 255 255 255 255 255 255 244 142 128 129 180 232 237 232 231 222 223 
camera 111 74 75 76 78 79 81 81 82 82 84 84 85 84 82 66 61 61 74 122 141 145 147 149 150 150 157 159 162 163 166 169 171 175 177 180 183 185 188 189 194 198 183 110 86 83 83 82 82 83 83 83 85 85 86 87 89 89 91 93 135 246 255 255 255 255 255 255 255 255 255 255 255 255 197 122 115 116 117 117 119 123 124 129 131 136 141 146 151 157 165 177 255 255 255 255 255 255 255 255 255 255 255 255 255 255 255 255 255 255 255 255 255 255 255 255 255 244 142 128 129 181 233 237 232 230 222 223 
camera 111 74 75 76 78 79 81 81 82 82 83 84 85 84 81 66 61 61 74 122 141 145 147 148 150 149 155 159 161 162 166 169 170 175 177 180 182 185 188 188 194 198 182 110 86 83 82 82 82 82 83 83 84 85 86 87 88 90 91 93 134 247 255 255 255 255 255 255 255 255 255 255 255 255 196 122 114 115 115 116 119 122 122 127 130 135 139 143 149 154 162 173 255 255 255 255 255 255 255 255 255 255 255 255 255 255 255 255 255 255 255 255 255 255 255 255 255 238 140 125 127 177 227 231 227 225 216 217 
camera 112 74 74 76 78 79 81 81 82 82 83 84 85 84 81 67 62 60 75 122 141 145 147 149 150 150 157 159 162 163 166 169 170 175 177 180 183 186 188 190 195 198 183 110 86 84 83 82 83 83 83 84 85 85 87 87 89 90 92 95 147 255 255 255 255 255 255 255 255 255 255 255 255 255 194 122 114 114 116 116 119 122 123 127 130 135 139 144 149 154 163 174 255 255 255 255 255 255 255 255 255 255 255 255 255 255 255 255 255 255 255 255 255 255 255 255 255 237 139 124 126 175 224 228 223 222 213 213 
camera 113 75 76 77 79 80 83 82 84 83 84 85 86 85 83 67 62 62 75 124 142 148 150 151 153 153 160 162 165 166 169 173 174 180 181 185 187 190 193 194 200 204 188 112 89 85 85 85 85 85 86 86 87 88 89 90 92 94 97 101 154 255 255 255 255 255 255 255 255 255 255 255 255 255 200 126 117 118 120 120 122 126 127 132 135 140 144 149 154 161 169 180 255 255 255 255 255 255 255 255 255 255 255 255 255 255 255 255 255 255 255 255 255 255 255 255 255 244 142 128 130 181 232 237 231 230 221 222 
camera 112 74 76 76 79 80 82 81 83 83 84 85 86 85 82 67 62 62 75 124 142 147 149 150 152 152 159 162 164 165 168 172 173 178 180 184 186 190 192 193 199 203 187 113 88 86 85 84 85 85 86 86 88 89 90 91 95 96 99 101 155 255 255 255 255 255 255 255 255 255 255 255 255 255 201 127 119 120 121 121 124 128 129 134 137 142 146 151 156 163 171 183 255 255 255 255 255 255 255 255 255 255 255 255 255 255 255 255 255 255 255 255 255 255 255 255 255 248 145 130 132 184 237 240 235 234 225 226 
camera 112 74 76 77 79 80 83 82 83 84 84 85 86 85 82 67 63 62 76 125 143 147 150 151 153 152 160 162 165 166 169 172 174 180 182 185 187 191 194 195 200 205 188 113 90 87 86 85 85 86 87 87 89 89 91 92 95 97 99 102 156 255 255 255 255 255 255 255 255 255 255 255 255 255 201 128 120 120 121 122 124 129 130 135 137 143 147 152 158 165 173 185 255 255 255 255 255 255 255 255 255 255 255 255 255 255 255 255 255 255 255 255 255 255 255 255 255 251 146 131 133 185 239 243 237 236 227 228 
camera 111 74 75 77 79 79 81 81 82 83 84 85 85 84 82 67 62 62 75 124 142 146 149 150 152 152 158 161 163 164 167 171 173 178 179 183 186 189 192 193 199 202 186 112 88 85 84 84 85 85 86 85 88 88 89 90 93 95 97 100 153 255 255 255 255 255 255 255 255 255 255 255 255 255 199 125 117 118 119 119 121 127 127 132 134 140 143 148 153 160 168 180 255 255 255 255 255 255 255 255 255 255 255 255 255 255 255 255 255 255 255 255 255 255 255 255 255 242 142 128 129 180 231 235 230 228 220 220 
camera 110 73 74 75 77 79 81 80 82 81 83 84 84 84 80 66 61 60 74 122 140 144 147 148 149 149 156 158 161 162 166 168 170 175 177 180 183 186 188 189 195 198 183 110 86 83 83 83 83 84 84 84 86 86 88 89 91 93 96 98 150 255 255 255 255 255 255 255 255 255 255 255 255 255 196 123 115 115 116 117 119 123 123 129 131 136 140 145 150 156 164 175 255 255 255 255 255 255 255 255 255 255 255 255 255 255 255 255 255 255 255 255 255 255 255 255 255 236 138 124 125 174 224 227 222 221 213 213 
camera 112 75 77 77 80 81 82 82 84 84 85 86 86 86 83 67 63 61 76 124 143 149 150 152 154 154 161 163 166 167 170 174 175 181 182 185 188 192 194 196 201 205 189 114 89 86 85 85 85 86 86 86 88 89 90 92 94 96 99 101 155 255 255 255 255 255 255 255 255 255 255 255 255 255 200 127 118 119 120 121 123 128 129 133 136 141 145 150 155 163 171 182 255 255 255 255 255 255 255 255 255 255 255 255 255 255 255 255 255 255 255 255 255 255 255 255 255 247 144 129 131 182 234 238 233 231 222 223 
camera 112 75 77 77 79 80 82 81 83 83 85 85 86 85 83 67 63 62 76 124 142 147 149 151 152 152 159 162 164 166 169 172 174 179 181 184 187 190 193 194 200 204 187 113 89 86 85 85 85 86 87 87 89 89 91 92 95 97 99 102 156 255 255 255 255 255 255 255 255 255 255 255 255 255 201 128 120 120 121 122 125 129 129 135 138 143 147 152 158 164 173 186 255 255 255 255 255 255 255 255 255 255 255 255 255 255 255 255 255 255 255 255 255 255 255 255 255 251 146 131 132 185 238 241 236 235 226 227 
camera 111 75 76 78 79 80 83 82 83 84 85 86 86 86 83 67 63 62 77 125 144 148 151 153 154 154 161 163 166 167 170 174 175 181 183 187 189 192 195 197 202 206 191 115 90 87 86 86 86 87 88 88 90 90 93 95 98 99 100 103 159 255 255 255 255 255 