 194 195 189 187 179 179 
camera 163 142 143 148 152 158 162 163 164 166 167 171 171 170 161 114 97 98 135 255 255 255 255 255 255 255 255 255 255 255 255 255 255 255 255 255 255 255 255 255 255 255 255 206 149 142 139 138 137 137 138 138 141 141 141 144 145 147 148 153 239 255 255 255 255 255 255 255 255 255 255 255 255 255 255 169 154 152 151 150 150 153 150 154 154 158 159 163 166 171 175 183 255 255 255 255 255 255 255 255 255 255 255 255 255 255 255 255 255 255 255 255 255 255 255 255 255 205 124 113 114 146 179 180 176 173 167 165 
camera 174 155 156 162 166 173 176 177 179 180 182 187 187 186 175 123 105 105 146 255 255 255 255 255 255 255 255 255 255 255 255 255 255 255 255 255 255 255 255 255 255 255 255 222 163 155 151 149 148 149 149 149 152 152 153 157 158 160 162 166 254 255 255 255 255 255 255 255 255 255 255 255 255 255 255 196 168 166 164 163 164 167 164 167 168 171 173 177 180 185 190 200 255 255 255 255 255 255 255 255 255 255 255 255 255 255 255 255 255 255 255 255 255 255 255 255 255 215 134 121 122 158 194 195 189 187 180 178 
camera 164 143 145 149 154 160 163 163 165 167 168 172 172 172 162 115 98 99 135 255 255 255 255 255 255 255 255 255 255 255 255 255 255 255 255 255 255 255 255 255 255 255 255 208 150 144 141 139 138 139 139 140 141 142 143 145 146 148 150 153 241 255 255 255 255 255 255 255 255 255 255 255 255 255 255 172 155 154 152 151 151 154 152 155 155 159 161 164 167 171 176 184 255 255 255 255 255 255 255 255 255 255 255 255 255 255 255 255 255 255 255 255 255 255 255 255 255 204 124 113 114 147 180 181 176 174 167 166 
camera 172 155 156 163 166 173 177 177 180 181 183 187 187 186 175 123 105 106 147 255 255 255 255 255 255 255 255 255 255 255 255 255 255 255 255 255 255 255 255 255 255 255 255 221 163 155 151 150 148 149 149 150 152 152 153 157 158 159 162 167 254 255 255 255 255 255 255 255 255 255 255 255 255 255 255 196 167 166 164 163 164 166 164 167 167 170 173 176 179 184 190 199 255 255 255 255 255 255 255 255 255 255 255 255 255 255 255 255 255 255 255 255 255 255 255 255 255 216 132 121 122 158 194 195 189 186 179 178 
camera 164 143 145 150 155 161 164 164 166 168 170 173 173 172 162 115 99 99 136 255 255 255 255 255 255 255 255 255 255 255 255 255 255 255 255 255 255 255 255 255 255 255 255 208 151 144 141 139 138 139 139 140 142 142 143 146 147 148 150 155 241 255 255 255 255 255 255 255 255 255 255 255 255 255 255 173 155 154 152 151 151 153 152 155 155 158 161 164 167 171 176 184 255 255 255 255 255 255 255 255 255 255 255 255 255 255 255 255 255 255 255 255 255 255 255 255 255 205 123 113 114 147 181 181 176 174 167 166 
camera 173 156 157 164 168 174 178 178 180 182 183 188 187 187 176 124 106 106 147 255 255 255 255 255 255 255 255 255 255 255 255 255 255 255 255 255 255 255 255 255 255 255 255 222 163 155 151 151 149 150 150 151 153 153 154 158 158 160 162 167 254 255 255 255 255 255 255 255 255 255 255 255 255 255 255 198 169 167 165 163 164 166 164 167 168 171 173 177 180 185 190 200 255 255 255 255 255 255 255 255 255 255 255 255 255 255 255 255 255 255 255 255 255 255 255 255 255 215 132 121 122 158 193 195 190 187 179 179 
camera 165 144 145 150 155 160 164 164 166 167 169 174 173 172 162 115 99 99 135 255 255 255 255 255 255 255 255 255 255 255 255 255 255 255 255 255 255 255 255 255 255 255 255 207 151 144 141 140 138 139 139 140 142 142 143 146 147 148 150 154 241 255 255 255 255 255 255 255 255 255 255 255 255 255 255 173 155 154 152 151 151 154 152 155 155 158 161 164 167 171 176 184 255 255 255 255 255 255 255 255 255 255 255 255 255 255 255 255 255 255 255 255 255 255 255 255 255 204 124 113 114 147 180 181 176 174 167 166 
camera 174 155 157 162 167 173 177 177 180 182 183 188 187 187 176 123 105 106 146 255 255 255 255 255 255 255 255 255 255 255 255 255 255 255 255 255 255 255 255 255 255 255 255 222 163 155 151 150 149 150 149 150 152 153 154 157 158 160 162 167 254 255 255 255 255 255 255 255 255 255 255 255 255 255 255 196 168 166 164 163 163 166 164 167 168 171 173 177 180 185 191 199 255 255 255 255 255 255 255 255 255 255 255 255 255 255 255 255 255 255 255 255 255 255 255 255 255 215 133 121 121 157 194 195 190 187 180 178 
camera 165 143 145 150 155 161 164 164 166 168 168 173 172 172 162 115 98 99 136 255 255 255 255 255 255 255 255 255 255 255 255 255 255 255 255 255 255 255 255 255 255 255 255 208 151 144 141 140 138 139 139 140 142 142 143 146 146 149 150 154 241 255 255 255 255 255 255 255 255 255 255 255 255 255 255 172 155 154 153 152 152 154 152 155 155 159 161 164 167 171 177 184 255 255 255 255 255 255 255 255 255 255 255 255 255 255 255 255 255 255 255 255 255 255 255 255 255 205 123 113 114 147 180 181 176 174 167 166 
camera 173 155 156 163 167 173 177 177 179 181 182 187 187 186 175 123 106 106 146 255 255 255 255 255 255 255 255 255 255 255 255 255 255 255 255 255 255 255 255 255 255 255 255 221 163 154 151 150 148 149 149 150 152 152 154 157 158 160 162 167 254 255 255 255 255 255 255 255 255 255 255 255 255 255 255 196 168 167 164 163 163 166 164 167 168 171 173 177 179 185 191 199 255 255 255 255 255 255 255 255 255 255 255 255 255 255 255 255 255 255 255 255 255 255 255 255 255 216 132 121 122 158 194 195 190 187 179 179 
camera 165 143 145 150 154 160 163 164 166 167 168 173 172 172 162 115 99 99 136 255 255 255 255 255 255 255 255 255 255 255 255 255 255 255 255 255 255 255 255 255 255 255 255 207 151 143 140 139 138 139 139 139 142 142 143 145 147 148 150 154 242 255 255 255 255 255 255 255 255 255 255 255 255 255 255 173 155 153 152 151 151 154 152 155 155 159 161 164 167 172 177 185 255 255 255 255 255 255 255 255 255 255 255 255 255 255 255 255 255 255 255 255 255 255 255 255 255 205 124 114 114 147 180 181 176 174 167 166 
camera 172 154 155 161 166 172 175 176 178 180 181 185 186 184 174 122 104 105 145 255 255 255 255 255 255 255 255 255 255 255 255 255 255 255 255 255 255 255 255 255 255 255 255 219 162 154 150 149 147 149 148 149 151 152 154 156 157 159 161 166 254 255 255 255 255 255 255 255 255 255 255 255 255 255 255 195 167 165 163 163 162 165 163 166 167 170 172 176 179 184 190 198 255 255 255 255 255 255 255 255 255 255 255 255 255 255 255 255 255 255 255 255 255 255 255 255 255 215 132 121 121 157 193 194 188 186 179 178 
camera 165 143 145 150 154 160 164 164 166 167 169 172 173 172 162 115 98 98 136 255 255 255 255 255 255 255 255 255 255 255 255 255 255 255 255 255 255 255 255 255 255 255 255 207 150 143 141 139 138 138 139 139 142 142 143 145 146 148 150 154 241 255 255 255 255 255 255 255 255 255 255 255 255 255 255 173 155 154 152 151 152 154 152 155 156 159 161 164 167 172 176 185 255 255 255 255 255 255 255 255 255 255 255 255 255 255 255 255 255 255 255 255 255 255 255 255 255 205 124 113 114 147 181 181 177 174 167 166 
camera 173 155 156 163 166 173 176 177 179 181 182 187 187 186 175 123 105 106 146 255 255 255 255 255 255 255 255 255 255 255 255 255 255 255 255 255 255 255 255 255 255 255 255 221 163 155 151 150 148 149 149 150 152 153 154 157 158 160 162 167 254 255 255 255 255 255 255 255 255 255 255 255 255 255 255 197 168 167 165 163 164 167 164 167 168 171 173 177 180 185 191 200 255 255 255 255 255 255 255 255 255 255 255 255 255 255 255 255 255 255 255 255 255 255 255 255 255 216 132 121 122 158 195 196 190 187 180 179 
camera 165 143 144 150 154 160 163 163 165 167 168 172 172 172 162 115 98 99 136 255 255 255 255 255 255 255 255 255 255 255 255 255 255 255 255 255 255 255 255 255 255 255 255 207 150 143 140 139 138 138 139 140 142 142 143 145 146 148 150 154 241 255 255 255 255 255 255 255 255 255 255 255 255 255 255 174 156 154 152 151 151 153 152 155 156 158 161 164 167 172 176 184 255 255 255 255 255 255 255 255 255 255 255 255 255 255 255 255 255 255 255 255 255 255 255 255 255 203 123 113 113 145 180 180 175 173 167 165 
camera 173 154 155 162 167 172 177 177 179 181 182 186 186 186 175 123 105 105 146 255 255 255 255 255 255 255 255 255 255 255 255 255 255 255 255 255 255 255 255 255 255 255 255 221 162 155 150 149 148 149 149 149 152 152 153 156 158 159 162 166 254 255 255 255 255 255 255 255 255 255 255 255 255 255 255 197 167 165 164 163 163 165 163 166 167 169 172 175 178 183 188 197 255 255 255 255 255 255 255 255 255 255 255 255 255 255 255 255 255 255 255 255 255 255 255 255 255 212 131 120 120 155 191 192 186 183 176 175 
camera 165 143 144 149 153 160 163 163 165 167 169 173 171 172 162 114 99 99 136 255 255 255 255 255 255 255 255 255 255 255 255 255 255 255 255 255 255 255 255 255 255 255 255 206 150 143 140 139 138 138 138 139 141 141 142 144 145 148 149 154 238 255 255 255 255 255 255 255 255 255 255 255 255 255 255 170 154 153 151 151 150 153 151 154 154 157 159 162 165 169 174 182 255 255 255 255 255 255 255 255 255 255 255 255 255 255 255 255 255 255 255 255 255 255 255 255 255 203 123 113 113 145 178 179 174 172 165 164 
camera 174 154 156 162 167 173 176 176 179 181 182 187 187 187 175 123 105 105 146 255 255 255 255 255 255 255 255 255 255 255 255 255 255 255 255 255 255 255 255 255 255 255 255 221 162 154 150 150 148 149 149 149 152 152 154 156 157 159 161 166 254 255 255 255 255 255 255 255 255 255 255 255 255 255 255 197 167 166 163 163 162 166 162 166 167 170 172 176 179 183 188 198 255 255 255 255 255 255 255 255 255 255 255 255 255 255 255 255 255 255 255 255 255 255 255 255 255 215 132 120 121 156 193 193 188 185 178 177 
camera 163 143 145 150 154 160 164 164 166 167 169 173 173 172 162 114 98 99 136 255 255 255 255 255 255 255 255 255 255 255 255 255 255 255 255 255 255 255 255 255 255 255 255 206 150 143 140 139 138 138 139 139 142 142 143 145 145 147 149 153 239 255 255 255 255 255 255 255 255 255 255 255 255 255 255 172 154 153 152 151 151 154 151 154 155 158 160 163 166 170 175 183 255 255 255 255 255 255 255 255 255 255 255 255 255 255 255 255 255 255 255 255 255 255 255 255 255 204 123 113 113 146 179 180 175 173 166 165 
camera 174 154 156 163 167 173 176 177 180 181 182 187 187 186 175 123 105 106 146 255 255 255 255 255 255 255 255 255 255 255 255 255 255 255 255 255 255 255 255 255 255 255 255 221 163 155 151 150 148 149 149 150 151 152 153 156 158 159 161 166 254 255 255 255 255 255 255 255 255 255 255 255 255 255 255 197 168 166 164 162 162 166 163 167 167 171 172 176 179 184 188 198 255 255 255 255 255 255 255 255 255 255 255 255 255 255 255 255 255 255 255 255 255 255 255 255 255 214 132 120 121 156 193 194 188 186 179 177 
camera 164 144 145 150 154 160 163 163 166 167 169 172 172 172 162 114 99 99 136 255 255 255 255 255 255 255 255 255 255 255 255 255 255 255 255 255 255 255 255 255 255 255 255 207 150 143 140 139 137 138 139 139 141 141 142 145 146 148 148 154 239 255 255 255 255 255 255 255 255 255 255 255 255 255 255 173 155 153 152 150 151 154 151 154 155 158 160 164 166 170 176 184 255 255 255 255 255 255 255 255 255 255 255 255 255 255 255 255 255 255 255 255 255 255 255 255 255 204 123 113 114 146 179 180 175 173 166 165 
camera 173 154 156 161 166 172 176 176 179 181 182 187 187 186 175 123 105 105 146 255 255 255 255 255 255 255 255 255 255 255 255 255 255 255 255 255 255 255 255 255 255 255 255 219 162 154 151 149 148 149 149 149 152 152 153 156 157 159 161 166 254 255 255 255 255 255 255 255 255 255 255 255 255 255 255 197 167 166 164 163 163 166 163 166 167 171 172 176 179 184 190 198 255 255 255 255 255 255 255 255 255 255 255 255 255 255 255 255 255 255 255 255 255 255 255 255 255 215 132 121 121 156 193 194 188 186 179 178 
camera 163 143 144 149 153 159 163 163 165 166 167 172 171 170 161 115 98 98 135 255 255 255 255 255 255 255 255 255 255 255 255 255 255 255 255 255 255 255 255 255 255 255 255 206 149 142 139 138 137 138 138 138 140 140 142 144 145 146 148 152 237 255 255 255 255 255 255 255 255 255 255 255 255 255 255 170 154 153 151 150 150 153 151 154 154 158 159 163 166 170 174 183 255 255 255 255 255 255 255 255 255 255 255 255 255 255 255 255 255 255 255 255 255 255 255 255 255 203 123 113 113 146 178 179 174 172 166 165 
camera 173 154 155 162 166 173 177 176 179 181 182 187 186 186 175 123 106 105 146 255 255 255 255 255 255 255 255 255 255 255 255 255 255 255 255 255 255 255 255 255 255 255 255 220 162 154 151 149 148 149 148 149 152 152 153 155 157 159 161 165 254 255 255 255 255 255 255 255 255 255 255 255 255 255 255 195 168 166 164 163 163 165 163 167 167 170 173 176 179 184 190 198 255 255 255 255 255 255 255 255 255 255 255 255 255 255 255 255 255 255 255 255 255 255 255 255 255 215 132 121 121 157 194 194 189 186 179 178 
camera 164 143 145 150 154 160 162 163 166 167 168 172 172 171 162 115 98 99 136 255 255 255 255 255 255 255 255 255 255 255 255 255 255 255 255 255 255 255 255 255 255 255 255 206 150 143 140 139 138 138 138 139 142 141 142 145 146 148 149 154 240 255 255 255 255 255 255 255 255 255 255 255 255 255 255 173 155 154 152 151 151 154 151 155 155 158 161 164 167 171 176 184 255 255 255 255 255 255 255 255 255 255 255 255 255 255 255 255 255 255 255 255 255 255 255 255 255 204 123 113 114 146 180 180 176 173 167 166 
camera 173 154 155 162 166 172 177 176 179 180 181 186 186 186 175 123 105 105 146 255 255 255 255 255 255 255 255 255 255 255 255 255 255 255 255 255 255 255 255 255 255 255 255 221 162 154 150 149 147 148 148 148 152 152 153 155 156 159 161 166 254 255 255 255 255 255 255 255 255 255 255 255 255 255 255 196 167 166 164 162 162 165 162 166 167 170 173 176 179 184 188 198 255 255 255 255 255 255 255 255 255 255 255 255 255 255 255 255 255 255 255 255 255 255 255 255 255 215 132 120 121 156 193 194 188 186 178 178 
camera 165 143 145 150 154 160 164 164 166 167 169 173 173 172 162 114 99 99 136 255 255 255 255 255 255 255 255 255 255 255 255 255 255 255 255 255 255 255 255 255 255 255 255 207 150 143 140 139 138 139 139 139 141 142 143 145 146 148 150 153 240 255 255 255 255 255 255 255 255 255 255 255 255 255 255 172 155 153 152 151 151 154 151 154 155 158 160 164 166 170 175 183 255 255 255 255 255 255 255 255 255 255 255 255 255 255 255 255 255 255 255 255 255 255 255 255 255 203 123 113 114 146 179 180 174 173 166 165 
camera 172 154 155 162 166 173 176 176 178 180 181 187 186 185 175 123 104 105 146 255 255 255 255 255 255 255 255 255 255 255 255 255 255 255 255 255 255 255 255 255 255 255 255 220 162 154 150 149 147 148 148 149 151 151 153 156 157 159 161 166 254 255 255 255 255 255 255 255 255 255 255 255 255 255 255 197 167 165 163 162 162 165 163 166 166 170 172 175 179 183 188 198 255 255 255 255 255 255 255 255 255 255 255 255 255 255 255 255 255 255 255 255 255 255 255 255 255 212 131 119 121 154 191 191 186 183 176 175 
camera 164 143 144 149 154 160 164 164 166 168 169 173 173 172 162 115 98 99 136 255 255 255 255 255 255 255 255 255 255 255 255 255 255 255 255 255 255 255 255 255 255 255 255 208 151 144 140 139 138 139 139 140 142 142 143 145 147 148 150 155 242 255 255 255 255 255 255 255 255 255 255 255 255 255 255 178 156 155 153 152 152 155 153 155 156 160 162 165 168 173 177 186 255 255 255 255 255 255 255 255 255 255 255 255 255 255 255 255 255 255 255 255 255 255 255 255 255 205 125 113 115 147 181 181 177 175 168 166 
camera 173 154 156 162 167 172 176 176 179 181 182 187 186 185 175 123 105 105 146 255 255 255 255 255 255 255 255 255 255 255 255 255 255 255 255 255 255 255 255 255 255 255 255 221 163 154 151 149 149 149 149 150 152 152 153 157 158 160 162 167 254 255 255 255 255 255 255 255 255 255 255 255 255 255 255 197 168 167 164 163 164 167 164 168 168 172 174 177 180 186 191 200 255 255 255 255 255 255 255 255 255 255 255 255 255 255 255 255 255 255 255 255 255 255 255 255 255 216 133 121 122 158 194 195 190 187 179 178 
camera 165 144 145 151 154 160 164 165 167 168 169 173 173 172 163 115 99 100 137 255 255 255 255 255 255 255 255 255 255 255 255 255 255 255 255 255 255 255 255 255 255 255 255 208 152 144 141 140 138 139 139 140 142 142 144 146 147 148 151 154 242 255 255 255 255 255 255 255 255 255 255 255 255 255 255 179 156 155 153 152 153 155 153 155 157 160 162 165 168 172 177 186 255 255 255 255 255 255 255 255 255 255 255 255 255 255 255 255 255 255 255 255 255 255 255 255 255 205 124 114 114 147 180 182 177 175 168 167 
camera 171 151 153 159 163 170 173 174 176 178 179 183 183 182 172 122 103 104 143 255 255 255 255 255 255 255 255 255 255 255 255 255 255 255 255 255 255 255 255 255 255 255 255 218 160 152 148 147 146 147 147 147 150 150 151 154 155 157 159 163 254 255 255 255 255 255 255 255 255 255 255 255 255 255 255 194 165 164 162 161 162 164 161 164 165 168 171 174 177 182 187 196 255 255 255 255 255 255 255 255 255 255 255 255 255 255 255 255 255 255 255 255 255 255 255 255 255 213 130 119 120 155 190 192 185 184 176 175 
camera 165 144 146 151 155 161 165 164 167 168 169 174 173 173 163 115 99 99 136 255 255 255 255 255 255 255 255 255 255 255 255 255 255 255 255 255 255 255 255 255 255 255 255 209 152 144 141 140 139 139 140 140 142 142 144 146 147 148 151 155 242 255 255 255 255 255 255 255 255 255 255 255 255 255 255 179 156 155 153 153 152 155 152 156 157 160 162 165 169 172 178 186 255 255 255 255 255 255 255 255 255 255 255 255 255 255 255 255 255 255 255 255 255 255 255 255 255 206 125 114 115 148 181 182 177 174 167 166 
camera 172 154 155 161 166 172 176 177 178 180 182 187 186 185 174 122 105 105 146 255 255 255 255 255 255 255 255 255 255 255 255 255 255 255 255 255 255 255 255 255 255 255 255 221 162 154 150 149 147 149 149 149 152 152 153 156 157 159 161 166 254 255 255 255 255 255 255 255 255 255 255 255 255 255 255 197 167 165 164 163 163 166 163 167 167 170 172 176 179 184 190 199 255 255 255 255 255 255 255 255 255 255 255 255 255 255 255 255 255 255 255 255 255 255 255 255 255 214 131 121 121 156 192 194 188 185 179 177 
camera 164 144 145 150 155 161 165 165 167 168 170 174 174 173 163 116 99 100 137 255 255 255 255 255 255 255 255 255 255 255 255 255 255 255 255 255 255 255 255 255 255 255 255 208 152 144 141 140 138 140 139 140 142 142 144 146 147 149 151 155 242 255 255 255 255 255 255 255 255 255 255 255 255 255 255 177 157 155 153 152 153 155 153 156 156 159 162 165 168 173 178 185 255 255 255 255 255 255 255 255 255 255 255 255 255 255 255 255 255 255 255 255 255 255 255 255 255 205 124 114 115 147 181 181 176 174 168 166 
camera 170 152 153 159 164 169 173 174 176 177 179 183 183 182 172 122 104 104 144 255 255 255 255 255 255 255 255 255 255 255 255 255 255 255 255 255 255 255 255 255 255 255 255 217 160 152 148 147 145 146 146 146 149 150 151 154 154 156 158 163 253 255 255 255 255 255 255 255 255 255 255 255 255 255 255 193 165 163 161 160 160 163 161 164 165 168 170 174 177 181 187 196 255 255 255 255 255 255 255 255 255 255 255 255 255 255 255 255 255 255 255 255 255 255 255 255 255 212 129 119 120 154 190 191 186 183 176 175 
camera 164 144 145 151 155 161 164 165 167 168 169 174 174 172 163 116 99 99 137 255 255 255 255 255 255 255 255 255 255 255 255 255 255 255 255 255 255 255 255 255 255 255 255 208 151 144 141 140 139 139 139 140 142 142 143 145 147 148 151 155 242 255 255 255 255 255 255 255 255 255 255 255 255 255 255 179 156 155 154 152 152 155 152 156 156 160 161 165 168 172 177 185 255 255 255 255 255 255 255 255 255 255 255 255 255 255 255 255 255 255 255 255 255 255 255 255 255 206 124 113 114 148 181 182 177 175 168 167 
camera 173 154 156 162 166 173 177 177 179 181 182 187 186 185 175 123 105 106 146 255 255 255 255 255 255 255 255 255 255 255 255 255 255 255 255 255 255 255 255 255 255 255 255 220 163 154 151 150 148 149 149 149 152 153 153 156 157 159 161 166 254 255 255 255 255 255 255 255 255 255 255 255 255 255 255 195 167 166 164 163 164 166 163 167 167 171 173 177 180 184 191 200 255 255 255 255 255 255 255 255 255 255 255 255 255 255 255 255 255 255 255 255 255 255 255 255 255 215 133 121 122 157 194 194 189 186 178 177 
camera 165 144 145 150 155 161 164 164 166 168 169 174 173 172 163 116 99 99 137 255 255 255 255 255 255 255 255 255 255 255 255 255 255 255 255 255 255 255 255 255 255 255 255 208 151 144 141 140 138 139 139 140 142 142 143 145 146 148 150 154 241 255 255 255 255 255 255 255 255 255 255 255 255 255 255 176 156 155 153 151 152 155 152 155 156 159 161 164 167 172 177 185 255 255 255 255 255 255 255 255 255 255 255 255 255 255 255 255 255 255 255 255 255 255 255 255 255 205 124 114 114 148 180 181 177 174 168 167 
camera 173 154 155 162 166 172 176 176 179 180 182 187 186 185 175 122 105 106 146 255 255 255 255 255 255 255 255 255 255 255 255 255 255 255 255 255 255 255 255 255 255 255 255 221 162 154 150 149 147 148 148 149 151 151 153 156 157 159 161 165 254 255 255 255 255 255 255 255 255 255 255 255 255 255 255 197 167 166 164 163 163 166 163 166 167 171 173 176 178 184 190 198 255 255 255 255 255 255 255 255 255 255 255 255 255 255 255 255 255 255 255 255 255 255 255 255 255 213 132 121 122 157 193 194 188 186 179 177 
camera 164 144 145 151 155 160 164 165 167 168 169 174 173 172 163 115 99 99 137 255 255 255 255 255 255 255 255 255 255 255 255 255 255 255 255 255 255 255 255 255 255 255 255 207 151 144 141 139 139 139 140 139 142 142 143 146 147 148 150 154 241 255 255 255 255 255 255 255 255 255 255 255 255 255 255 177 156 155 153 152 152 154 152 155 156 159 162 165 167 171 177 184 255 255 255 255 255 255 255 255 255 255 255 255 255 255 255 255 255 255 255 255 255 255 255 255 255 205 124 114 115 148 180 181 176 174 167 166 
camera 172 154 155 162 166 173 176 176 179 180 181 186 186 185 175 123 105 106 146 255 255 255 255 255 255 255 255 255 255 255 255 255 255 255 255 255 255 255 255 255 255 255 255 219 162 154 150 149 148 149 148 149 151 152 153 156 158 159 161 165 254 255 255 255 255 255 255 255 255 255 255 255 255 255 255 197 167 165 164 163 163 166 162 166 167 170 172 176 179 184 190 199 255 255 255 255 255 255 255 255 255 255 255 255 255 255 255 255 255 255 255 255 255 255 255 255 255 214 132 120 121 157 193 194 188 186 178 178 
camera 165 144 145 151 155 160 164 164 166 167 169 174 173 173 163 116 99 100 136 255 255 255 255 255 255 255 255 255 255 255 255 255 255 255 255 255 255 255 255 255 255 255 255 207 151 144 141 140 139 139 139 140 142 142 143 146 147 149 150 155 241 255 255 255 255 255 255 255 255 255 255 255 255 255 255 176 155 155 153 152 152 155 152 156 156 159 161 164 167 172 177 185 255 255 255 255 255 255 255 255 255 255 255 255 255 255 255 255 255 255 255 255 255 255 255 255 255 206 124 113 114 147 180 181 176 174 167 166 
camera 170 151 153 159 163 169 173 173 175 177 178 183 182 182 171 121 103 104 143 255 255 255 255 255 255 255 255 255 255 255 255 255 255 255 255 255 255 255 255 255 255 255 255 217 159 151 147 146 145 146 146 146 149 149 150 153 154 156 158 163 253 255 255 255 255 255 255 255 255 255 255 255 255 255 255 194 164 162 161 160 160 162 160 163 164 167 169 173 176 180 186 195 255 255 255 255 255 255 255 255 255 255 255 255 255 255 255 255 255 255 255 255 255 255 255 255 255 212 129 118 119 154 189 191 185 182 175 174 
camera 165 143 145 150 154 160 164 163 165 167 169 172 172 172 162 115 98 99 136 255 255 255 255 255 255 255 255 255 255 255 255 255 255 255 255 255 255 255 255 255 255 255 255 206 151 143 141 139 138 139 139 139 142 142 143 145 146 148 150 154 240 255 255 255 255 255 255 255 255 255 255 255 255 255 255 172 155 154 152 151 151 154 151 155 156 159 160 164 166 170 176 184 255 255 255 255 255 255 255 255 255 255 255 255 255 255 255 255 255 255 255 255 255 255 255 255 255 205 123 113 114 147 180 180 176 174 167 165 
camera 172 154 155 162 166 172 176 176 179 180 181 186 185 185 174 122 105 105 145 255 255 255 255 255 255 255 255 255 255 255 255 255 255 255 255 255 255 255 255 255 255 255 255 221 162 153 150 148 147 148 148 149 151 151 153 155 156 159 161 166 254 255 255 255 255 255 255 255 255 255 255 255 255 255 255 196 167 165 163 162 162 165 162 166 167 170 172 175 179 183 189 198 255 255 255 255 255 255 255 255 255 255 255 255 255 255 255 255 255 255 255 255 255 255 255 255 255 214 131 120 121 157 192 194 188 186 178 177 
camera 165 144 145 151 155 161 164 164 166 168 169 174 173 173 163 115 99 99 136 254 255 255 255 255 255 255 255 255 255 255 255 255 255 255 255 255 255 255 255 255 255 255 255 207 151 144 141 140 138 139 139 140 142 142 143 145 146 148 151 154 241 255 255 255 255 255 255 255 255 255 255 255 255 255 255 175 156 155 152 151 152 155 152 155 156 159 162 164 167 171 176 184 255 255 255 255 255 255 255 255 255 255 255 255 255 255 255 255 255 255 255 255 255 255 255 255 255 204 124 114 114 147 180 181 176 174 168 166 
camera 171 154 155 162 166 172 175 176 178 180 181 186 185 184 174 123 105 105 145 255 255 255 255 255 255 255 255 255 255 255 255 255 255 255 255 255 255 255 255 255 255 255 255 219 162 154 150 149 147 148 148 149 151 152 153 156 157 159 161 165 254 255 255 255 255 255 255 255 255 255 255 255 255 255 255 195 167 165 163 162 162 165 162 166 167 170 172 175 178 183 188 198 255 255 255 255 255 255 255 255 255 255 255 255 255 255 255 255 255 255 255 255 255 255 255 255 255 214 131 120 121 156 193 194 187 185 178 177 
camera 164 144 145 151 155 161 164 165 166 168 169 173 174 173 163 115 99 99 137 255 255 255 255 255 255 255 255 255 255 255 255 255 255 255 255 255 255 255 255 255 255 255 255 209 151 144 141 139 138 139 139 140 142 142 143 146 146 148 150 154 240 255 255 255 255 255 255 255 255 255 255 255 255 255 255 175 156 155 153 151 152 154 152 155 156 159 161 164 167 171 176 184 255 255 255 255 255 255 255 255 255 255 255 255 255 255 255 255 255 255 255 255 255 255 255 255 255 205 123 113 114 147 180 181 176 174 167 166 
camera 172 153 155 162 166 172 176 176 178 180 181 186 185 185 174 123 104 104 145 255 255 255 255 255 255 255 255 255 255 255 255 255 255 255 255 255 255 255 255 255 255 255 255 219 162 153 149 149 147 148 148 149 151 151 152 156 157 159 160 165 254 255 255 255 255 255 255 255 255 255 255 255 255 255 255 195 167 165 163 162 162 165 162 165 167 170 172 175 178 183 188 198 255 255 255 255 255 255 255 255 255 255 255 255 255 255 255 255 255 255 255 255 255 255 255 255 255 214 131 120 121 156 193 193 187 185 178 177 
camera 166 144 146 151 155 160 164 164 167 168 170 174 174 173 163 115 98 99 136 255 255 255 255 255 255 255 255 255 255 255 255 255 255 255 255 255 255 255 255 255 255 255 255 207 151 144 141 139 138 139 140 139 142 142 143 145 146 148 150 154 240 255 255 255 255 255 255 255 255 255 255 255 255 255 255 176 155 154 152 151 151 154 151 155 156 159 161 164 167 172 176 184 255 255 255 255 255 255 255 255 255 255 255 255 255 255 255 255 255 255 255 255 255 255 255 255 255 204 124 114 114 147 180 181 177 174 167 166 
camera 172 153 155 161 165 172 175 176 178 180 181 186 186 185 175 123 105 105 146 255 255 255 255 255 255 255 255 255 255 255 255 255 255 255 255 255 255 255 255 255 255 255 255 220 161 153 149 148 147 148 147 148 151 151 152 155 156 158 160 165 254 255 255 255 255 255 255 255 255 255 255 255 255 255 255 194 166 165 163 161 161 164 161 165 166 169 171 175 178 183 188 197 255 255 255 255 255 255 255 255 255 255 255 255 255 255 255 255 255 255 255 255 255 255 255 255 255 212 131 120 120 155 191 192 186 184 176 175 
