55 255 255 255 255 255 255 255 255 255 255 255 255 255 255 255 165 151 151 195 237 238 231 228 218 216 
camera 175 158 160 165 170 175 179 180 182 184 186 191 192 192 183 139 123 124 163 255 255 255 255 255 255 255 255 255 255 255 255 255 255 255 255 255 255 255 255 255 255 255 255 253 191 183 179 179 177 178 178 179 181 183 184 187 188 192 194 200 255 255 255 255 255 255 255 255 255 255 255 255 255 255 255 234 217 217 215 217 217 223 222 228 231 238 242 249 254 255 255 255 255 255 255 255 255 255 255 255 255 255 255 255 255 255 255 255 255 255 255 255 255 255 255 255 255 255 205 181 182 245 255 255 255 255 255 255 
camera 117 82 83 84 86 88 90 90 91 92 93 95 96 95 92 75 70 70 86 139 160 165 168 170 172 172 180 183 186 188 192 196 198 205 207 212 215 221 225 229 242 254 253 145 110 106 105 104 104 105 105 106 107 108 109 111 112 113 116 118 181 255 255 255 255 255 255 255 255 255 255 255 255 255 236 150 141 142 143 144 145 150 151 156 160 166 171 177 183 191 201 215 255 255 255 255 255 255 255 255 255 255 255 255 255 255 255 255 255 255 255 255 255 255 255 255 255 255 182 149 151 216 255 255 255 255 255 255 
camera 108 68 69 70 72 73 75 75 76 76 77 78 79 78 75 60 56 56 68 114 132 135 138 138 140 139 145 147 149 149 152 155 155 160 161 164 165 168 170 170 175 178 165 98 76 73 73 71 71 71 72 72 73 73 74 75 75 75 76 77 113 207 227 231 232 231 233 235 234 234 237 240 238 231 137 91 86 86 86 86 88 89 90 92 94 97 99 101 105 108 113 119 180 254 255 255 255 255 255 255 255 255 255 255 255 255 255 255 255 255 255 255 255 255 255 255 255 209 117 106 108 156 204 209 207 207 200 201 
camera 100 59 61 62 64 64 66 66 67 67 68 68 69 68 66 54 50 50 60 98 113 116 118 117 119 118 123 124 127 127 129 130 132 134 136 137 139 140 142 143 146 148 138 83 66 64 63 62 62 61 62 62 63 62 63 63 64 64 65 66 93 167 181 184 185 183 184 186 184 183 184 186 184 180 110 74 71 71 71 70 71 72 72 74 75 76 78 79 82 84 87 91 133 190 202 206 205 206 204 203 202 204 204 205 203 208 205 207 206 206 206 207 206 203 203 205 194 121 77 71 73 96 119 121 119 118 115 115 
camera 98 58 60 60 62 62 65 64 65 65 66 67 68 67 65 52 49 49 59 95 110 113 115 114 115 115 119 120 122 122 124 126 127 130 131 132 134 135 137 137 141 142 132 80 64 61 60 59 59 59 60 59 60 59 61 61 61 62 62 63 89 157 171 173 174 172 173 173 172 171 172 174 172 167 103 70 67 66 67 67 68 69 68 69 70 72 73 74 76 77 81 84 120 171 181 184 183 183 182 181 180 181 181 182 180 184 181 182 182 182 180 182 179 177 176 177 168 106 71 65 67 85 105 106 104 103 100 99 
camera 101 59 61 61 64 64 66 66 67 67 68 69 69 68 66 53 50 50 60 99 113 116 118 118 119 118 124 124 127 127 129 130 131 134 135 137 139 140 141 142 146 147 137 82 65 62 62 60 60 60 61 61 61 61 62 62 63 63 64 64 91 162 176 178 179 177 178 178 177 175 176 178 176 171 105 71 68 67 68 67 68 69 70 70 71 72 74 75 77 78 81 84 122 173 182 185 184 185 183 181 181 182 181 182 180 184 181 182 181 181 180 180 178 176 175 176 167 106 71 65 66 85 105 105 104 102 100 98 
camera 101 59 60 60 63 63 65 65 66 66 67 68 69 68 66 53 50 49 59 97 111 114 116 116 117 116 121 122 124 124 127 128 129 131 132 134 136 137 139 139 143 144 134 81 64 61 61 60 60 59 61 60 61 60 61 61 62 62 63 64 90 160 174 176 177 175 176 176 175 173 174 176 174 169 104 71 68 68 68 67 68 69 69 69 71 72 73 74 77 78 82 84 122 173 182 185 185 186 184 183 182 183 182 184 182 185 184 184 183 183 182 183 181 179 178 179 170 107 71 65 67 85 105 107 105 104 100 100 
camera 103 61 63 64 66 67 69 68 69 69 71 71 71 70 68 56 52 52 62 102 117 120 122 122 124 123 128 130 132 132 134 136 137 141 142 144 146 147 149 150 154 156 145 87 69 66 66 65 65 65 66 65 67 65 67 67 68 68 69 70 100 179 197 200 201 199 201 203 202 201 203 205 204 198 119 80 77 76 77 77 78 79 79 81 82 84 86 88 90 93 98 102 152 221 235 240 241 242 240 240 241 243 243 247 246 252 253 254 254 255 255 255 255 255 255 255 255 185 99 88 90 130 170 173 170 170 164 165 
camera 126 91 92 94 98 99 102 102 103 104 105 107 108 107 104 84 78 78 95 159 184 191 193 197 200 200 209 213 216 219 223 229 232 239 242 248 252 255 255 255 255 255 255 179 124 120 118 117 117 118 119 119 121 122 123 126 127 128 131 134 211 255 255 255 255 255 255 255 255 255 255 255 255 255 255 191 162 163 164 165 168 174 175 181 186 194 199 207 214 225 236 252 255 255 255 255 255 255 255 255 255 255 255 255 255 255 255 255 255 255 255 255 255 255 255 255 255 255 200 174 176 253 255 255 255 255 255 255 
camera 161 140 142 146 150 155 159 160 162 164 165 170 170 170 163 124 111 111 146 255 255 255 255 255 255 255 255 255 255 255 255 255 255 255 255 255 255 255 255 255 255 255 255 226 169 163 160 159 158 159 158 160 162 163 165 167 169 170 173 177 255 255 255 255 255 255 255 255 255 255 255 255 255 255 255 218 197 198 196 198 198 204 202 208 209 215 219 226 231 239 248 255 255 255 255 255 255 255 255 255 255 255 255 255 255 255 255 255 255 255 255 255 255 255 255 255 255 255 193 165 165 222 255 255 255 255 255 255 
camera 200 189 190 197 202 209 213 213 216 218 219 225 225 224 210 154 133 133 179 255 255 255 255 255 255 255 255 255 255 255 255 255 255 255 255 255 255 255 255 255 255 255 255 255 195 186 181 180 177 178 177 178 179 180 181 183 184 186 188 193 255 255 255 255 255 255 255 255 255 255 255 255 255 255 255 223 203 204 203 203 204 209 207 213 214 221 224 230 234 241 250 255 255 255 255 255 255 255 255 255 255 255 255 255 255 255 255 255 255 255 255 255 255 255 255 255 255 255 191 161 162 210 254 255 255 250 239 238 
camera 176 161 162 167 171 178 182 182 184 186 187 193 192 192 180 131 113 114 154 255 255 255 255 255 255 255 255 255 255 255 255 255 255 255 255 255 255 255 255 255 255 255 255 219 161 153 149 148 146 146 145 145 147 146 147 149 149 150 152 155 241 255 255 255 255 255 255 255 255 255 255 255 255 255 255 179 160 160 159 159 160 163 162 166 166 171 173 177 179 185 191 201 255 255 255 255 255 255 255 255 255 255 255 255 255 255 255 255 255 255 255 255 255 255 255 255 255 210 134 124 125 155 185 185 179 176 170 168 
camera 161 137 139 143 147 152 155 155 157 158 159 163 163 162 153 111 96 96 131 254 255 255 255 255 255 255 255 255 255 255 255 255 255 255 255 255 255 255 255 255 255 255 255 188 134 127 123 122 120 121 119 119 120 119 121 121 122 122 123 125 189 255 255 255 255 255 255 255 255 255 255 255 255 255 206 133 123 123 122 121 121 123 122 124 125 127 129 130 132 135 139 144 204 255 255 255 255 255 253 245 240 238 234 233 229 230 224 223 218 217 214 212 207 204 201 201 188 128 92 87 88 104 121 120 118 116 113 112 
camera 137 108 109 112 115 118 121 120 122 122 123 125 125 124 117 85 74 74 100 193 227 235 236 237 237 235 245 247 248 249 250 253 254 255 255 255 255 255 255 255 255 255 236 127 92 87 86 83 83 82 82 81 82 82 82 83 83 83 83 84 121 218 237 238 237 235 235 234 232 230 230 231 227 219 133 90 85 84 84 84 84 85 85 86 86 88 90 90 92 93 97 101 142 199 209 211 209 208 204 202 201 200 198 198 195 197 194 194 191 190 188 187 184 180 179 179 168 110 78 72 73 90 107 107 105 103 100 99 
camera 121 89 91 93 96 99 101 101 102 102 103 105 105 103 98 70 60 59 76 139 162 166 167 167 168 166 172 173 174 174 176 178 178 182 182 183 184 186 187 187 190 192 176 102 78 74 73 72 71 71 71 70 71 71 72 72 73 72 74 74 108 197 214 215 215 212 213 213 211 208 210 211 208 201 121 80 76 76 75 75 76 77 77 78 78 80 81 81 84 85 88 92 133 186 196 198 197 196 192 191 189 188 187 187 184 186 183 183 180 179 178 177 174 171 169 169 160 103 71 66 67 83 100 100 98 96 93 91 
camera 124 92 94 97 100 102 105 104 106 106 107 109 109 108 102 74 64 64 86 170 200 206 207 208 205 196 193 185 184 182 184 185 185 189 190 191 192 193 194 193 197 199 181 105 79 76 75 74 73 72 72 72 73 72 74 74 74 73 75 75 109 199 217 219 218 215 216 216 213 212 212 213 210 204 122 81 77 77 77 76 77 78 77 78 79 80 81 82 85 86 89 92 133 188 198 199 198 197 194 192 190 190 188 189 186 187 184 184 182 181 179 179 175 172 170 170 160 104 72 67 67 84 101 101 99 97 93 92 
camera 137 109 111 114 117 120 123 122 124 125 126 128 128 127 119 87 76 75 102 199 233 240 241 243 242 240 249 251 252 251 253 254 255 255 255 255 255 255 255 255 255 255 254 138 100 95 92 91 89 89 88 88 89 87 87 86 86 85 86 87 123 221 240 241 239 236 236 236 232 231 229 231 227 218 132 90 85 84 85 84 84 86 85 86 86 88 89 89 91 92 97 100 140 195 205 206 205 204 200 198 196 195 193 194 191 193 190 189 187 185 183 183 179 176 174 174 164 109 77 72 73 88 105 105 102 101 98 97 
camera 175 158 159 165 169 174 177 177 180 181 183 188 187 186 176 127 109 110 150 255 255 255 255 255 255 255 255 255 255 255 255 255 255 255 255 255 255 255 255 255 255 255 255 215 156 148 145 143 141 141 140 140 142 142 142 144 144 145 146 149 232 255 255 255 255 255 255 255 255 255 255 255 255 255 253 162 150 150 148 148 149 151 149 152 153 155 158 161 164 166 172 179 255 255 255 255 255 255 255 255 255 255 255 255 255 255 255 255 255 255 255 255 255 255 255 255 247 160 114 107 108 128 146 146 142 140 136 134 
camera 200 188 191 198 203 211 215 216 218 222 223 230 229 228 214 155 134 134 183 255 255 255 255 255 255 255 255 255 255 255 255 255 255 255 255 255 255 255 255 255 255 255 255 255 197 187 183 181 179 180 178 179 181 182 182 185 186 188 190 195 255 255 255 255 255 255 255 255 255 255 255 255 255 255 255 226 206 207 206 206 207 212 211 217 218 225 229 234 239 247 254 255 255 255 255 255 255 255 255 255 255 255 255 255 255 255 255 255 255 255 255 255 255 255 255 255 255 255 194 164 165 214 255 255 255 255 250 243 
camera 143 117 118 121 124 128 130 131 133 133 135 139 139 139 133 106 96 98 122 217 252 255 255 255 255 255 255 255 255 255 255 255 255 255 255 255 255 255 255 255 255 255 255 200 148 142 140 140 138 140 140 141 142 143 145 147 149 150 152 156 245 255 255 255 255 255 255 255 255 255 255 255 255 255 255 203 178 179 179 180 183 189 188 195 198 206 211 218 225 234 245 255 255 255 255 255 255 255 255 255 255 255 255 255 255 255 255 255 255 255 255 255 255 255 255 255 255 255 198 172 173 237 255 255 255 255 255 255 
camera 112 74 75 76 79 80 82 82 83 83 84 84 85 85 82 67 62 62 76 125 143 147 150 150 152 152 160 161 163 164 167 170 172 176 178 181 183 185 189 190 196 199 183 111 87 84 83 82 83 83 83 83 85 85 86 87 88 89 91 93 134 246 255 255 255 255 255 255 255 255 255 255 255 255 203 125 116 118 118 120 121 126 126 131 133 139 143 147 152 160 168 180 255 255 255 255 255 255 255 255 255 255 255 255 255 255 255 255 255 255 255 255 255 255 255 255 255 255 163 136 138 199 254 255 255 255 254 250 
camera 103 61 62 64 66 67 69 68 69 69 70 71 71 70 68 55 52 52 62 101 116 119 122 121 123 122 127 129 131 131 133 135 136 139 141 142 144 145 148 148 152 154 143 86 69 66 65 64 64 64 65 64 65 65 66 66 67 67 68 69 99 176 193 195 196 195 197 198 197 197 199 201 200 194 118 79 75 75 76 75 77 78 78 80 81 82 85 86 89 91 96 101 149 214 228 233 234 234 232 233 233 235 235 238 238 243 243 245 244 247 247 250 250 249 254 255 255 180 96 86 88 126 163 167 163 162 157 158 
camera 101 58 59 59 61 61 64 63 65 65 66 66 66 66 64 52 49 48 58 93 107 110 111 111 112 111 115 117 118 118 120 121 121 124 125 127 128 129 131 131 135 136 127 77 62 59 60 58 59 58 59 58 60 59 60 59 60 60 62 62 87 151 165 167 168 166 168 168 167 165 168 169 168 164 101 69 67 66 66 66 67 68 68 69 70 71 72 73 76 77 80 83 120 169 180 182 182 182 180 179 179 180 180 181 179 182 180 181 181 180 180 181 179 176 176 178 168 106 70 65 67 85 105 106 104 103 100 100 
camera 101 59 60 61 63 65 67 66 68 67 68 69 69 68 66 52 50 48 59 99 113 116 118 117 119 117 123 123 125 124 127 128 130 132 133 134 136 137 139 138 142 144 133 80 64 61 61 59 60 60 60 59 61 60 61 61 62 62 62 63 89 157 171 173 173 171 172 173 172 170 171 173 172 166 103 70 67 66 67 66 68 68 68 69 70 71 72 73 75 76 79 83 119 167 176 178 178 179 177 176 175 176 175 176 175 177 175 176 175 174 174 174 173 170 169 170 161 103 69 64 65 82 101 102 100 99 96 95 
camera 103 61 64 64 66 67 69 69 70 70 71 71 72 71 69 54 51 50 62 103 119 122 124 123 125 123 129 130 132 132 134 135 136 139 140 142 143 144 146 146 150 152 142 85 66 64 62 62 62 62 62 61 63 62 63 64 64 64 65 66 93 167 181 183 183 181 183 183 181 180 181 182 181 175 108 72 69 68 69 69 69 71 70 71 72 73 75 75 78 79 82 86 124 175 185 188 187 187 185 185 183 184 183 185 183 186 183 184 184 183 182 182 180 178 177 178 168 107 71 65 67 85 106 106 104 102 100 99 
camera 101 59 61 62 64 65 67 67 69 68 69 69 70 69 67 53 50 50 60 99 114 117 118 118 119 118 123 124 126 126 128 129 130 134 134 136 137 138 140 140 144 146 135 82 65 62 62 61 60 60 60 61 62 61 62 62 62 62 64 64 90 161 175 177 177 175 177 177 175 174 175 178 176 171 105 71 68 68 68 67 69 69 69 70 71 73 74 75 77 79 82 86 124 175 185 188 187 188 186 185 185 185 185 186 185 187 186 186 185 185 184 185 184 181 181 181 172 108 72 66 68 87 107 107 106 105 102 101 
camera 104 63 65 65 67 68 71 70 71 71 72 73 73 72 70 57 53 52 64 104 119 122 124 125 126 125 130 132 134 134 136 137 139 142 143 145 147 149 151 152 156 158 147 88 70 67 66 66 66 65 66 66 67 66 67 67 68 69 69 71 101 181 198 201 202 201 203 204 203 203 204 207 205 200 121 81 77 77 77 77 78 80 80 81 82 84 87 88 91 93 98 103 152 221 235 241 242 243 240 241 241 243 243 248 246 252 252 254 254 255 255 255 255 255 255 255 255 185 99 89 90 129 168 172 169 168 163 163 
camera 123 88 89 91 93 95 98 98 100 99 101 102 103 102 99 80 74 74 90 151 174 180 183 185 187 187 196 199 202 204 208 212 214 222 225 229 232 237 241 243 250 254 240 141 109 106 105 105 106 108 109 110 113 113 115 116 118 120 121 125 195 255 255 255 255 255 255 255 255 255 255 255 255 255 243 161 149 151 151 152 155 161 162 167 171 178 183 191 197 207 217 234 255 255 255 255 255 255 255 255 255 255 255 255 255 255 255 255 255 255 255 255 255 255 255 255 255 255 193 163 165 238 255 255 255 255 255 255 
camera 163 141 143 147 151 156 160 161 163 165 167 171 172 172 164 126 112 113 148 255 255 255 255 255 255 255 255 255 255 255 255 255 255 255 255 255 255 255 255 255 255 255 255 230 173 166 163 162 161 162 162 163 165 167 168 171 172 175 176 182 255 255 255 255 255 255 255 255 255 255 255 255 255 255 255 225 207 209 208 210 213 219 219 227 230 238 243 251 255 255 255 255 255 255 255 255 255 255 255 255 255 255 255 255 255 255 255 255 255 255 255 255 255 255 255 255 255 255 204 178 180 244 255 255 255 255 255 255 
camera 198 187 188 196 201 209 213 215 218 221 223 230 229 229 216 157 135 135 183 255 255 255 255 255 255 255 255 255 255 255 255 255 255 255 255 255 255 255 255 255 255 255 255 255 199 187 183 181 179 179 178 179 181 181 182 185 186 188 190 195 255 255 255 255 255 255 255 255 255 255 255 255 255 255 255 225 207 207 206 207 208 213 212 217 219 225 229 236 240 248 254 255 255 255 255 255 255 255 255 255 255 255 255 255 255 255 255 255 255 255 255 255 255 255 255 255 255 255 195 165 166 216 255 255 255 255 252 244 
camera 178 161 162 169 173 179 183 183 185 187 188 194 193 193 182 132 113 114 154 255 255 255 255 255 255 255 255 255 255 255 255 255 255 255 255 255 255 255 255 255 255 255 255 221 162 153 150 148 146 146 146 145 147 147 148 149 150 151 152 156 240 255 255 255 255 255 255 255 255 255 255 255 255 255 255 182 161 161 160 160 160 164 163 166 168 171 173 177 181 186 192 202 255 255 255 255 255 255 255 255 255 255 255 255 255 255 255 255 255 255 255 255 255 255 255 255 255 211 135 124 125 155 184 184 179 176 169 168 
camera 155 133 134 139 142 147 150 150 152 153 153 158 158 157 148 107 92 92 125 248 255 255 255 255 255 255 255 255 255 255 255 255 255 255 255 255 255 255 255 255 255 255 255 183 127 120 117 115 114 114 114 113 114 113 114 115 115 115 116 118 177 255 255 255 255 255 255 255 255 255 255 255 255 255 198 125 116 115 116 115 114 116 114 116 114 114 113 113 115 115 118 122 168 232 242 243 241 238 232 229 226 224 221 221 216 217 213 212 209 208 204 203 200 196 193 193 182 123 89 82 83 100 116 116 114 113 109 108 
camera 138 110 111 114 117 120 123 122 124 125 125 129 128 126 119 86 75 74 100 196 231 238 240 241 241 238 248 250 251 252 253 255 255 255 255 255 255 255 255 255 255 255 253 136 96 90 87 85 84 84 83 83 84 83 83 83 84 84 85 85 122 221 240 242 241 237 238 237 234 232 232 233 229 221 135 90 86 85 86 84 85 86 86 87 87 88 90 90 93 94 98 102 143 200 210 212 211 209 205 204 202 201 199 199 196 198 195 195 193 191 189 188 185 181 180 179 169 111 77 72 74 90 108 107 105 104 101 99 
camera 129 100 101 104 107 109 112 111 113 113 115 116 116 115 109 78 68 67 90 181 215 223 224 225 226 223 231 233 234 233 233 229 215 208 204 205 205 206 207 206 209 211 194 112 83 79 78 76 76 76 75 76 76 76 76 76 77 76 78 79 112 207 227 229 228 226 226 226 223 220 221 222 218 212 129 85 80 79 80 79 79 81 80 82 83 84 86 87 89 91 94 98 137 194 203 205 204 203 200 198 196 196 194 195 191 193 190 189 187 185 183 183 180 176 175 175 165 108 74 69 69 85 103 103 101 99 96 94 
camera 135 104 106 108 112 115 117 117 118 119 120 123 122 121 115 84 73 73 95 184 219 227 228 230 230 227 236 237 238 237 239 242 241 246 246 249 249 251 252 252 254 255 240 132 94 89 87 85 84 84 85 83 84 83 83 81 82 81 82 82 114 205 225 226 224 222 221 221 218 215 215 216 211 206 128 86 82 81 81 80 81 82 82 83 83 85 86 87 89 90 93 97 132 182 191 193 192 190 187 185 182 182 181 181 178 179 177 176 174 173 172 171 168 165 163 163 154 104 74 69 70 83 99 99 97 95 93 91 
camera 165 146 146 151 155 161 164 165 166 167 169 173 173 172 163 119 102 102 135 255 255 255 255 255 255 255 255 255 254 255 255 255 255 255 255 255 255 255 255 255 255 255 255 202 141 134 131 130 128 129 128 128 130 129 130 131 132 133 134 136 202 255 255 255 255 255 255 255 255 255 255 255 255 255 233 147 136 135 135 134 135 138 136 140 140 143 144 147 150 154 158 165 235 255 255 255 255 255 255 255 255 255 255 255 255 255 255 255 255 253 244 241 236 230 226 225 212 144 102 96 97 113 132 132 128 126 122 121 
camera 199 188 188 195 200 207 210 211 214 216 217 223 223 222 211 154 132 133 177 255 255 255 255 255 255 255 255 255 255 255 255 255 255 255 255 255 255 255 255 255 255 255 255 255 192 182 178 177 175 176 176 177 179 179 179 182 183 185 186 192 255 255 255 255 255 255 255 255 255 255 255 255 255 255 255 219 201 201 199 200 202 207 206 212 214 221 225 232 236 244 252 255 255 255 255 255 255 255 255 255 255 255 255 255 255 255 255 255 255 255 255 255 255 255 255 255 255 255 188 159 159 205 251 255 249 243 233 231 
camera 156 133 134 138 141 145 149 150 152 154 156 160 161 161 154 120 108 109 138 252 255 255 255 255 255 255 255 255 255 255 255 255 255 255 255 255 255 255 255 255 255 255 255 220 163 157 154 153 152 154 155 155 158 159 160 163 164 166 168 173 255 255 255 255 255 255 255 255 255 255 255 255 255 255 255 216 197 198 198 200 204 211 211 219 224 233 240 249 254 255 255 255 255 255 255 255 255 255 255 255 255 255 255 255 255 255 255 255 255 255 255 255 255 255 255 255 255 255 202 177 177 241 255 255 255 255 255 255 
camera 115 80 81 82 84 86 88 89 90 90 92 93 93 93 90 74 68 69 83 137 156 162 164 166 168 167 175 178 181 182 185 189 192 197 200 204 207 210 214 216 223 227 210 127 100 97 96 97 97 99 100 101 103 104 105 107 108 109 111 114 173 255 255 255 255 255 255 255 255 255 255 255 255 255 225 144 134 135 136 137 139 144 145 150 153 159 164 170 175 183 193 207 255 255 255 255 255 255 255 255 255 255 255 255 255 255 255 255 255 255 255 255 255 255 255 255 255 255 177 144 146 208 255 255 255 255 255 255 
camera 102 63 65 66 68 68 70 70 71 71 72 73 74 73 71 57 53 53 64 106 121 125 127 128 129 128 133 135 137 137 139 141 142 145 147 149 151 152 154 155 159 161 150 91 71 68 68 66 67 67 67 66 68 67 68 69 70 69 71 71 102 184 201 205 205 203 206 207 206 205 208 210 209 203 124 83 79 79 79 79 79 81 81 83 85 86 89 91 95 97 101 107 156 227 241 247 248 249 247 248 248 251 252 254 255 255 255 255 255 255 255 255 255 255 255 255 255 186 102 92 94 132 170 174 172 172 167 167 
camera 105 64 66 67 69 70 71 71 72 72 73 74 75 73 72 57 53 52 63 106 123 127 128 129 130 129 134 135 137 137 140 141 142 145 147 148 150 151 153 153 158 160 148 88 70 66 66 65 65 65 65 65 66 66 67 67 67 68 69 70 99 178 194 197 198 196 198 199 197 196 197 200 198 193 117 78 74 74 74 74 75 76 76 78 78 80 82 83 86 89 92 97 141 201 213 217 217 217 214 214 212 214 213 215 213 217 215 216 214 215 213 215 213 210 209 211 200 125 79 73 74 98 122 123 121 120 117 116 
camera 100 59 60 61 63 64 66 65 67 66 67 68 68 68 66 53 50 49 59 97 112 115 116 117 118 117 121 122 124 123 125 127 128 131 131 133 134 135 137 137 141 143 134 81 64 61 60 59 60 59 60 60 61 60 61 60 61 61 62 63 87 155 169 172 172 170 171 171 171 169 170 172 170 166 103 70 67 66 67 66 67 67 68 69 69 70 72 73 75 77 79 83 117 167 176 179 179 179 177 176 175 176 175 176 174 177 176 176 175 174 174 175 173 170 170 171 162 105 69 63 65 82 101 102 100 99 96 95 
camera 101 61 64 64 66 67 69 68 70 69 71 71 72 71 69 55 51 51 61 103 119 122 124 125 126 125 130 131 133 133 135 136 137 141 142 143 145 147 148 148 152 154 144 87 67 65 64 62 62 62 62 62 63 63 64 64 65 64 65 66 92 167 182 184 184 182 183 184 182 180 182 183 182 177 109 73 70 68 69 69 70 71 71 71 72 73 75 75 78 79 82 86 123 175 186 188 188 188 186 185 183 184 184 184 183 185 183 184 183 182 182 183 180 178 177 177 168 107 71 66 67 85 105 106 104 102 99 99 
camera 103 61 63 63 65 66 68 67 68 69 70 70 71 70 68 54 50 50 60 99 116 119 120 121 122 121 127 127 129 129 131 132 133 137 138 139 141 142 144 143 148 149 140 85 67 64 62 62 61 61 62 61 62 62 63 62 63 63 65 65 91 163 179 181 182 179 181 181 180 178 180 182 180 175 108 73 69 69 69 69 69 70 71 71 73 74 75 76 78 80 83 86 125 178 189 192 192 193 190 189 188 189 188 190 187 192 190 190 190 189 187 189 187 184 184 185 175 112 73 67 68 86 108 109 108 106 103 103 
