 255 255 255 255 255 255 255 255 255 255 219 128 115 117 163 210 214 209 208 200 200 
camera 111 71 73 74 76 76 79 78 80 80 81 81 82 81 78 63 59 58 71 118 136 139 141 143 144 142 149 150 152 153 155 158 159 164 165 168 170 172 174 175 180 184 170 102 80 77 77 76 76 76 77 77 78 78 79 80 81 81 83 84 122 221 244 249 251 254 255 255 255 255 255 255 255 255 182 109 102 103 103 104 105 109 109 112 115 119 122 126 132 136 143 153 239 255 255 255 255 255 255 255 255 255 255 255 255 255 255 255 255 255 255 255 255 255 255 255 255 219 128 115 117 163 210 213 209 207 199 200 
camera 109 72 73 74 76 77 80 79 80 80 81 82 83 82 79 64 59 59 72 119 137 141 143 144 145 144 150 152 154 154 158 160 161 165 167 170 172 174 176 178 182 185 171 103 81 78 77 77 77 77 78 77 79 79 80 81 82 82 84 85 124 226 248 253 255 255 255 255 255 255 255 255 255 255 183 111 105 105 106 106 108 111 111 115 117 122 125 130 135 140 147 157 247 255 255 255 255 255 255 255 255 255 255 255 255 255 255 255 255 255 255 255 255 255 255 255 255 227 132 118 120 168 217 221 216 215 206 207 
camera 109 72 74 75 77 78 80 80 81 81 82 83 83 82 80 64 59 60 73 120 138 142 144 145 146 145 152 153 155 156 158 161 162 167 169 171 174 176 179 179 184 188 174 105 82 79 79 78 78 78 79 79 80 80 81 81 82 83 84 86 125 229 252 255 255 255 255 255 255 255 255 255 255 255 186 113 107 107 107 108 110 113 114 117 119 124 128 132 137 143 150 161 251 255 255 255 255 255 255 255 255 255 255 255 255 255 255 255 255 255 255 255 255 255 255 255 255 232 135 120 122 172 222 227 222 220 212 212 
camera 111 72 74 75 76 78 80 80 81 81 82 83 83 82 80 64 59 58 72 120 138 142 144 145 146 145 151 153 155 155 159 161 162 166 169 171 173 175 178 179 184 188 173 104 82 79 78 77 77 78 78 78 79 79 81 81 82 82 84 86 124 228 250 254 255 255 255 255 255 255 255 255 255 255 185 112 106 105 106 107 109 112 112 116 118 122 127 131 135 141 148 158 249 255 255 255 255 255 255 255 255 255 255 255 255 255 255 255 255 255 255 255 255 255 255 255 255 228 132 119 121 170 219 223 218 216 209 209 
camera 109 72 73 74 76 77 79 79 80 80 81 82 82 82 79 64 59 59 72 119 137 141 143 144 145 144 150 151 154 154 157 160 161 165 167 169 171 174 176 177 182 185 172 103 81 78 77 77 77 76 77 77 79 78 79 80 81 82 83 85 123 225 247 252 255 255 255 255 255 255 255 255 255 255 181 110 103 104 105 105 107 110 110 114 116 120 123 128 133 138 145 154 243 255 255 255 255 255 255 255 255 255 255 255 255 255 255 255 255 255 255 255 255 255 255 255 255 223 129 116 118 165 211 216 211 210 202 202 
camera 108 72 73 74 76 77 79 79 80 80 81 81 82 81 79 64 59 58 72 117 137 140 143 143 145 143 149 151 153 154 156 158 160 165 166 168 170 173 175 176 181 184 171 103 80 78 77 76 77 76 77 77 78 78 79 81 81 82 83 85 123 224 246 252 255 255 255 255 255 255 255 255 255 255 183 110 103 104 104 105 106 109 110 113 116 119 123 128 133 138 144 154 242 255 255 255 255 255 255 255 255 255 255 255 255 255 255 255 255 255 255 255 255 255 255 255 255 221 129 115 117 164 211 214 210 208 200 201 
camera 110 72 73 74 76 77 79 79 80 80 81 82 83 82 79 64 59 59 72 118 136 141 142 143 145 144 150 151 154 154 156 159 161 165 166 169 172 174 176 177 183 186 172 104 81 78 78 78 77 77 77 77 79 79 80 81 82 82 84 86 124 227 249 254 255 255 255 255 255 255 255 255 255 255 184 111 105 106 106 106 109 112 112 115 118 122 126 131 136 141 148 159 248 255 255 255 255 255 255 255 255 255 255 255 255 255 255 255 255 255 255 255 255 255 255 255 255 227 132 119 121 168 217 222 217 215 207 208 
camera 112 72 74 75 77 78 80 80 81 80 81 82 83 82 79 64 60 59 72 119 137 141 143 144 145 145 151 152 155 155 158 161 162 167 168 171 173 176 178 179 184 187 173 104 82 79 78 77 78 78 78 78 79 80 81 82 83 83 85 86 126 230 251 255 255 255 255 255 255 255 255 255 255 255 186 113 107 107 108 108 110 113 114 118 120 124 128 133 137 143 151 160 251 255 255 255 255 255 255 255 255 255 255 255 255 255 255 255 255 255 255 255 255 255 255 255 255 232 135 120 123 172 222 226 222 220 211 212 
camera 110 72 74 75 77 78 79 79 80 80 81 82 83 82 79 64 60 59 72 119 136 141 143 144 145 144 151 152 154 155 158 161 162 166 168 171 173 176 178 179 184 187 173 104 81 79 78 78 77 78 78 78 79 79 81 82 82 83 85 86 125 228 251 255 255 255 255 255 255 255 255 255 255 255 184 113 105 106 107 107 109 112 113 116 119 123 127 131 136 142 149 159 249 255 255 255 255 255 255 255 255 255 255 255 255 255 255 255 255 255 255 255 255 255 255 255 255 229 133 120 121 170 219 224 218 217 209 210 
camera 110 71 73 74 76 76 78 78 80 80 80 81 82 81 78 63 59 58 71 117 135 139 141 142 144 143 149 151 153 154 156 159 161 165 167 170 172 174 176 177 182 185 171 103 80 78 77 76 76 76 76 77 78 78 79 80 81 81 83 85 123 224 246 251 255 255 255 255 255 255 255 255 255 255 181 110 103 103 105 105 107 109 110 114 116 120 124 128 132 138 145 154 242 255 255 255 255 255 255 255 255 255 255 255 255 255 255 255 255 255 255 255 255 255 255 255 255 223 129 116 118 165 211 216 210 209 201 202 
camera 110 71 72 73 75 76 78 77 79 79 80 80 81 80 77 63 58 58 71 116 135 138 140 141 143 142 148 150 152 153 156 158 160 165 167 169 172 173 176 176 181 184 171 102 80 77 77 76 76 77 76 76 78 78 79 79 81 81 82 84 122 223 245 250 254 255 255 255 255 255 255 255 255 255 180 109 102 103 104 104 106 109 109 112 115 119 123 127 131 137 144 153 240 255 255 255 255 255 255 255 255 255 255 255 255 255 255 255 255 255 255 255 255 255 255 255 255 220 129 115 117 163 210 213 208 207 200 200 
camera 108 71 72 73 75 76 78 77 79 79 80 81 81 80 78 63 59 59 72 117 135 139 141 142 143 143 149 151 154 154 156 160 162 166 168 170 173 175 177 178 183 186 172 104 81 78 78 77 76 76 78 78 79 78 80 81 82 82 83 85 123 225 248 253 255 255 255 255 255 255 255 255 255 255 182 111 104 105 105 106 107 110 111 115 117 121 125 130 134 139 147 157 246 255 255 255 255 255 255 255 255 255 255 255 255 255 255 255 255 255 255 255 255 255 255 255 255 226 132 118 120 168 215 220 215 214 206 206 
camera 109 71 73 74 75 77 79 78 80 79 80 81 82 81 78 64 59 59 72 118 136 140 142 143 145 144 150 153 155 155 159 161 163 168 170 172 174 176 179 180 185 188 173 104 81 79 78 77 78 78 79 78 79 79 81 81 82 83 85 87 125 229 251 255 255 255 255 255 255 255 255 255 255 255 186 113 106 107 107 107 109 113 114 117 119 124 128 133 138 143 150 160 251 255 255 255 255 255 255 255 255 255 255 255 255 255 255 255 255 255 255 255 255 255 255 255 255 231 134 120 122 172 222 226 221 219 211 211 
camera 109 71 72 73 76 77 79 78 79 79 80 80 82 81 79 64 59 59 72 118 135 140 142 143 145 144 150 152 155 155 159 162 163 168 170 172 174 176 179 180 184 188 173 104 81 79 78 77 78 78 78 78 79 79 80 81 82 82 85 86 125 228 250 254 255 255 255 255 255 255 255 255 255 255 184 112 105 106 106 107 109 112 113 116 118 123 127 131 136 142 149 159 249 255 255 255 255 255 255 255 255 255 255 255 255 255 255 255 255 255 255 255 255 255 255 255 255 228 132 119 121 170 218 223 218 217 208 209 
camera 109 71 72 73 75 76 78 77 78 79 79 80 81 80 77 62 59 58 71 116 134 138 141 141 143 142 149 151 153 154 156 159 161 165 167 170 171 174 176 177 182 185 171 102 80 78 77 76 76 76 77 77 78 78 79 80 81 81 83 84 123 223 245 250 254 255 255 255 255 255 255 255 255 255 181 109 103 103 104 104 106 109 110 113 115 120 123 128 133 137 144 154 241 255 255 255 255 255 255 255 255 255 255 255 255 255 255 255 255 255 255 255 255 255 255 255 255 222 129 115 118 165 211 215 211 209 201 202 
camera 108 70 72 72 75 75 78 77 78 78 79 80 80 79 77 62 58 58 71 116 133 137 140 141 142 142 148 150 152 152 156 159 160 165 167 169 171 173 175 176 181 184 171 103 80 77 77 76 76 76 76 76 78 78 79 79 80 81 82 84 121 222 244 251 255 255 255 255 255 255 255 255 255 255 181 109 103 103 104 103 106 109 109 113 115 119 122 127 131 137 143 153 240 255 255 255 255 255 255 255 255 255 255 255 255 255 255 255 255 255 255 255 255 255 255 255 255 221 128 115 117 163 210 214 209 207 200 200 
camera 108 71 72 73 75 76 78 77 79 79 80 81 81 80 78 63 59 59 72 117 134 138 140 142 143 142 149 150 153 154 157 160 161 166 168 170 172 174 177 177 183 186 172 103 81 78 77 76 77 77 77 77 79 79 80 80 81 82 83 85 123 226 248 254 255 255 255 255 255 255 255 255 255 255 183 111 104 105 105 106 107 111 112 115 117 121 125 130 135 140 147 157 247 255 255 255 255 255 255 255 255 255 255 255 255 255 255 255 255 255 255 255 255 255 255 255 255 226 131 118 120 168 217 220 215 214 206 206 
camera 110 72 72 73 76 76 79 78 79 79 81 81 82 81 79 64 59 59 72 118 136 140 142 143 145 144 150 152 155 155 159 162 163 168 169 172 174 176 179 180 185 188 174 104 81 79 78 77 78 78 78 78 79 79 80 81 83 83 85 86 125 228 251 255 255 255 255 255 255 255 255 255 255 255 186 113 106 107 107 108 110 113 114 117 120 124 128 132 137 143 150 160 251 255 255 255 255 255 255 255 255 255 255 255 255 255 255 255 255 255 255 255 255 255 255 255 255 232 135 121 122 172 223 227 221 220 211 212 
camera 109 71 73 74 76 77 79 78 79 79 81 81 82 81 79 64 59 58 72 118 136 140 142 143 145 144 151 153 155 156 159 162 163 168 170 172 174 177 179 180 185 188 174 104 82 79 78 77 77 77 78 78 80 79 81 82 82 83 85 86 125 229 251 255 255 255 255 255 255 255 255 255 255 255 184 113 106 106 107 107 109 112 113 117 119 124 127 132 137 142 149 159 250 255 255 255 255 255 255 255 255 255 255 255 255 255 255 255 255 255 255 255 255 255 255 255 255 229 134 120 122 170 220 224 219 217 210 210 
camera 111 71 72 73 76 76 78 78 79 79 80 81 82 81 78 64 59 58 71 118 135 139 141 143 145 143 150 151 154 155 158 161 162 167 168 171 173 175 178 179 183 187 172 104 81 78 77 76 77 77 77 77 79 79 80 81 82 82 84 85 124 225 248 255 255 255 255 255 255 255 255 255 255 255 184 110 104 104 105 105 107 110 111 114 117 121 124 129 133 139 146 156 244 255 255 255 255 255 255 255 255 255 255 255 255 255 255 255 255 255 255 255 255 255 255 255 255 224 130 117 119 166 213 217 213 210 203 203 
camera 109 71 73 73 76 76 79 78 79 79 80 81 81 81 78 64 59 58 71 117 135 139 142 142 144 143 150 151 154 154 157 160 162 167 169 171 173 175 177 179 184 187 172 103 81 78 77 77 77 77 78 78 79 79 80 81 82 83 84 85 124 228 254 255 255 255 255 255 255 255 255 255 255 255 183 110 104 105 105 105 107 110 111 115 117 121 124 130 134 139 146 155 245 255 255 255 255 255 255 255 255 255 255 255 255 255 255 255 255 255 255 255 255 255 255 255 255 224 130 116 118 165 212 217 212 210 203 202 
camera 109 72 73 74 76 77 79 78 79 79 81 81 81 81 78 63 59 58 71 117 135 139 141 142 144 143 150 151 154 155 158 161 162 167 169 171 172 175 178 179 183 187 173 104 81 78 78 77 77 77 78 78 79 79 80 80 82 83 84 85 124 227 249 255 255 255 255 255 255 255 255 255 255 255 183 112 105 105 106 107 108 111 112 115 118 122 125 131 136 141 148 158 248 255 255 255 255 255 255 255 255 255 255 255 255 255 255 255 255 255 255 255 255 255 255 255 255 227 132 118 120 168 217 221 217 215 207 207 
camera 111 72 74 74 76 77 79 78 80 80 81 82 83 82 79 64 59 59 72 118 136 140 142 143 145 144 151 152 155 155 159 162 163 168 170 172 174 177 179 180 185 188 174 104 81 79 78 77 77 77 78 78 79 79 80 81 83 83 85 86 124 229 251 255 255 255 255 255 255 255 255 255 255 255 185 113 106 107 108 108 109 113 113 117 119 124 128 132 137 142 150 160 251 255 255 255 255 255 255 255 255 255 255 255 255 255 255 255 255 255 255 255 255 255 255 255 255 231 134 121 122 172 223 227 222 220 211 212 
camera 109 72 73 74 76 77 79 79 80 80 81 82 82 82 79 64 60 59 72 118 136 140 143 144 145 144 151 152 155 156 159 162 163 168 169 173 174 177 179 180 185 188 174 104 81 78 78 77 77 78 78 78 79 79 81 81 82 83 84 86 124 229 250 254 255 255 255 255 255 255 255 255 255 255 184 112 105 106 107 107 109 112 112 117 119 123 127 132 137 142 149 159 250 255 255 255 255 255 255 255 255 255 255 255 255 255 255 255 255 255 255 255 255 255 255 255 255 229 133 120 122 171 221 225 219 218 210 210 
camera 111 71 73 73 76 76 78 78 79 79 80 81 81 81 79 63 59 58 71 117 135 140 142 142 144 143 149 151 154 154 157 160 161 166 167 170 173 174 177 178 183 186 172 103 80 77 77 76 77 76 77 77 78 78 80 80 81 81 83 85 123 224 246 251 254 255 255 255 255 255 255 255 255 255 180 109 103 104 104 105 106 109 110 114 116 120 124 128 132 138 145 154 243 255 255 255 255 255 255 255 255 255 255 255 255 255 255 255 255 255 255 255 255 255 255 255 255 224 129 116 118 165 213 216 212 211 203 203 
camera 110 71 72 73 75 76 78 78 79 79 80 81 81 80 78 62 58 58 71 116 134 138 140 141 143 142 148 150 152 153 156 158 160 164 166 169 171 174 175 176 181 184 171 102 80 77 77 75 76 76 77 76 77 77 79 79 80 81 82 83 121 221 243 248 251 254 255 255 255 255 255 255 255 255 181 109 102 102 103 104 105 108 108 112 114 118 122 126 131 136 143 152 240 255 255 255 255 255 255 255 255 255 255 255 255 255 255 255 255 255 255 255 255 255 255 255 255 219 128 114 117 163 209 213 209 207 199 200 
camera 110 72 72 73 75 77 79 78 79 80 80 81 82 81 78 64 59 59 71 117 135 138 141 141 143 143 149 151 153 154 157 159 161 165 167 169 171 174 177 177 182 185 171 103 81 78 77 76 77 76 77 76 79 78 79 80 81 82 83 84 122 224 245 251 253 255 255 255 255 255 255 255 255 255 182 110 103 104 104 105 107 110 110 114 116 121 124 129 134 139 146 156 245 255 255 255 255 255 255 255 255 255 255 255 255 255 255 255 255 255 255 255 255 255 255 255 255 225 130 117 119 167 214 218 214 213 205 205 
camera 109 72 73 74 77 77 79 79 80 80 81 82 83 82 79 64 59 60 72 119 137 141 143 143 145 145 151 152 155 156 159 162 163 167 169 173 175 177 179 180 185 188 174 105 82 79 79 77 77 78 78 78 80 80 80 82 82 83 85 86 125 228 251 254 255 255 255 255 255 255 255 255 255 255 185 113 106 107 107 108 110 113 113 117 119 124 128 133 137 143 150 161 251 255 255 255 255 255 255 255 255 255 255 255 255 255 255 255 255 255 255 255 255 255 255 255 255 231 135 120 122 171 222 227 222 220 212 212 
camera 110 72 73 74 76 78 80 79 80 80 81 81 82 81 79 64 60 59 72 118 137 141 143 144 145 145 151 153 155 156 159 162 163 167 169 172 174 177 179 180 185 188 174 105 81 79 78 77 78 77 78 78 79 79 80 81 83 83 84 86 125 227 250 254 255 255 255 255 255 255 255 255 255 255 184 113 106 106 106 107 109 113 112 117 118 123 127 132 136 141 149 159 251 255 255 255 255 255 255 255 255 255 255 255 255 255 255 255 255 255 255 255 255 255 255 255 255 229 134 119 122 171 221 224 219 218 210 210 
camera 110 71 73 73 76 76 79 78 80 79 80 81 82 81 79 63 59 58 71 118 136 139 141 142 144 143 149 152 154 155 158 160 162 166 168 171 172 175 177 178 183 186 172 103 81 78 77 77 76 77 77 77 78 78 79 80 81 81 83 84 122 223 246 251 254 255 255 255 255 255 255 255 255 255 182 109 103 104 104 104 106 110 110 113 116 120 124 128 133 138 145 154 244 255 255 255 255 255 255 255 255 255 255 255 255 255 255 255 255 255 255 255 255 255 255 255 255 223 130 116 118 165 213 217 212 210 203 203 
camera 110 71 73 73 76 76 78 78 79 79 80 81 81 81 78 63 59 58 71 117 134 139 141 141 143 142 149 150 153 154 156 159 160 165 167 169 171 174 176 176 181 184 171 102 80 77 76 76 77 76 76 76 77 78 79 79 80 80 82 83 122 221 244 249 251 255 255 255 255 255 255 255 255 255 181 109 102 102 103 103 105 108 109 112 114 119 122 127 131 136 143 152 239 255 255 255 255 255 255 255 255 255 255 255 255 255 255 255 255 255 255 255 255 255 255 255 255 220 128 115 117 163 210 213 208 207 199 200 
camera 109 71 72 73 76 76 78 78 79 79 80 81 81 80 78 63 58 58 71 117 134 138 140 141 142 142 148 150 152 153 156 158 160 164 166 169 171 173 175 176 181 184 169 102 80 77 77 76 76 76 76 76 78 77 78 79 80 81 82 83 121 220 243 248 250 251 255 255 255 255 255 255 255 255 181 109 103 103 104 104 106 109 110 113 115 120 123 127 131 137 144 153 242 255 255 255 255 255 255 255 255 255 255 255 255 255 255 255 255 255 255 255 255 255 255 255 255 224 129 116 118 165 213 216 212 211 203 203 
camera 109 72 73 74 76 77 79 79 80 79 81 82 82 81 78 64 59 59 71 117 135 139 141 142 144 143 150 151 154 155 158 160 162 166 168 170 173 175 178 178 183 186 172 103 81 78 77 77 77 77 77 77 79 79 79 80 81 82 84 85 123 224 247 252 254 255 255 255 255 255 255 255 255 255 185 111 105 105 106 107 108 111 112 116 118 122 126 130 135 140 148 159 248 255 255 255 255 255 255 255 255 255 255 255 255 255 255 255 255 255 255 255 255 255 255 255 255 229 133 119 121 170 220 225 219 218 209 210 
camera 110 72 73 74 76 77 79 78 80 80 81 82 82 82 79 64 59 59 72 118 136 140 142 143 144 144 150 152 155 155 158 161 163 167 168 171 173 175 178 179 184 187 173 104 81 78 77 76 77 77 77 77 79 78 80 80 82 82 83 85 123 226 247 253 254 255 255 255 255 255 255 255 255 255 185 111 105 105 106 107 109 111 112 115 117 122 126 130 135 140 148 158 248 255 255 255 255 255 255 255 255 255 255 255 255 255 255 255 255 255 255 255 255 255 255 255 255 229 132 119 121 170 219 224 218 217 209 209 
camera 109 72 73 74 76 77 79 78 80 79 80 81 82 81 79 64 59 58 71 118 136 140 141 142 144 143 150 151 153 155 158 160 161 166 168 170 172 175 178 178 183 185 172 104 81 78 77 76 76 77 77 77 78 78 79 80 81 81 83 84 122 223 245 251 254 255 255 255 255 255 255 255 255 255 183 110 103 104 104 105 106 110 110 114 116 120 123 128 133 138 145 154 243 255 255 255 255 255 255 255 255 255 255 255 255 255 255 255 255 255 255 255 255 255 255 255 255 224 129 116 118 166 213 217 212 211 203 203 
camera 110 71 72 74 75 76 78 77 79 79 80 80 81 80 79 63 59 58 71 116 134 138 140 141 143 142 148 150 152 153 155 158 160 164 166 169 171 173 175 176 181 183 171 102 80 77 76 75 75 75 76 77 78 77 79 80 81 81 83 84 121 221 242 248 250 254 255 255 255 255 255 255 255 255 179 109 102 102 103 103 105 108 108 112 114 119 122 126 131 136 143 152 238 255 255 255 255 255 255 255 255 255 255 255 255 255 255 255 255 255 255 255 255 255 255 255 255 218 127 114 116 163 208 213 208 207 199 199 
camera 110 72 73 74 76 77 78 78 80 79 80 81 81 81 78 64 59 58 71 117 135 139 141 142 144 142 149 150 153 153 156 159 161 165 167 169 171 174 177 177 182 185 171 103 81 78 77 76 76 76 77 77 78 78 79 80 81 81 83 85 123 223 246 251 253 255 255 255 255 255 255 255 255 255 182 110 104 104 105 105 107 109 110 114 116 120 124 128 133 138 146 155 244 255 255 255 255 255 255 255 255 255 255 255 255 255 255 255 255 255 255 255 255 255 255 255 255 224 130 116 119 166 213 217 213 212 204 204 
camera 110 72 73 74 76 78 79 79 80 80 81 82 82 82 79 64 59 59 73 119 137 141 143 143 145 144 150 152 155 155 159 160 162 167 168 171 173 175 179 179 184 188 173 104 82 78 78 77 78 78 78 78 79 79 81 81 82 83 84 86 125 228 251 254 255 255 255 255 255 255 255 255 255 255 185 112 106 106 107 107 109 113 113 117 118 123 127 131 136 142 149 160 251 255 255 255 255 255 255 255 255 255 255 255 255 255 255 255 255 255 255 255 255 255 255 255 255 231 134 120 122 171 221 226 221 219 211 211 
camera 110 72 74 74 77 78 80 79 80 80 82 82 83 82 79 64 59 59 72 119 137 141 143 144 145 145 151 153 155 156 159 162 163 167 169 172 173 176 179 180 184 188 173 105 81 79 78 77 77 78 78 78 79 80 81 81 82 82 84 86 124 227 250 254 255 255 255 255 255 255 255 255 255 255 185 112 106 106 107 108 110 112 113 117 120 123 127 132 136 142 150 160 251 255 255 255 255 255 255 255 255 255 255 255 255 255 255 255 255 255 255 255 255 255 255 255 255 229 134 120 122 171 221 225 220 219 210 211 
camera 110 72 73 74 76 77 79 79 80 79 80 81 82 81 79 64 59 59 72 118 136 141 142 143 144 143 150 152 154 154 157 160 161 166 167 170 172 175 177 178 183 186 172 104 81 78 77 76 77 76 77 77 79 79 79 80 81 82 83 85 123 225 247 252 254 255 255 255 255 255 255 255 255 255 182 110 103 104 105 105 107 110 111 114 117 121 124 128 133 139 146 155 244 255 255 255 255 255 255 255 255 255 255 255 255 255 255 255 255 255 255 255 255 255 255 255 255 224 130 117 119 166 214 218 213 212 204 205 
camera 111 71 73 74 75 77 79 78 79 79 80 81 82 81 78 63 59 58 71 118 135 139 141 142 144 143 149 151 153 154 155 159 160 165 166 169 171 173 176 177 181 184 171 102 80 78 77 76 76 76 77 77 78 78 79 80 81 81 82 84 122 222 245 250 253 255 255 255 255 255 255 255 255 255 181 108 102 103 103 104 106 108 109 113 114 119 122 127 131 137 143 153 241 255 255 255 255 255 255 255 255 255 255 255 255 255 255 255 255 255 255 255 255 255 255 255 255 220 128 115 117 163 209 214 209 208 200 200 
camera 111 71 72 73 76 77 79 78 79 79 80 81 82 81 79 63 58 58 71 118 135 139 141 142 143 143 149 151 153 154 156 159 160 165 166 169 171 173 176 177 182 185 171 103 80 78 77 76 76 76 77 77 78 78 79 80 81 81 83 84 123 224 246 251 254 255 255 255 255 255 255 255 255 255 181 110 103 104 105 105 106 110 110 114 116 120 124 128 133 139 146 155 244 255 255 255 255 255 255 255 255 255 255 255 255 255 255 255 255 255 255 255 255 255 255 255 255 224 131 116 118 166 213 217 212 211 204 204 
camera 109 72 73 74 76 77 79 79 80 80 81 82 83 82 79 64 59 59 72 119 137 141 142 144 145 144 150 152 155 155 159 161 162 167 169 171 173 176 178 180 184 187 174 104 81 79 78 77 77 78 78 78 80 79 81 81 82 83 84 86 125 229 251 254 255 255 255 255 255 255 255 255 255 255 184 113 106 107 108 108 109 113 113 117 119 123 127 132 137 142 149 160 251 255 255 255 255 255 255 255 255 255 255 255 255 255 255 255 255 255 255 255 255 255 255 255 255 230 135 120 122 172 222 226 221 219 211 212 
