171 172 170 164 102 71 68 67 68 67 68 69 69 70 71 72 73 74 77 78 81 84 120 168 177 179 179 179 176 175 173 174 173 172 171 173 170 171 169 168 166 166 164 161 159 159 150 98 67 62 64 79 95 95 93 91 88 87 
camera 101 62 63 64 65 66 68 67 68 68 69 70 70 70 67 54 50 50 60 99 112 115 117 116 117 115 120 120 122 123 124 125 126 129 129 131 132 134 135 136 139 141 131 80 65 61 61 60 60 60 61 60 61 61 62 62 62 62 63 64 88 155 168 170 171 170 170 171 169 168 169 171 168 163 101 70 67 67 68 67 68 68 69 70 70 72 73 74 76 78 81 84 119 167 177 178 177 177 175 173 172 172 171 171 169 172 169 169 167 166 165 164 162 159 158 158 149 97 67 61 63 78 94 95 92 91 87 87 
camera 102 61 63 65 67 67 69 68 70 70 70 70 71 70 68 54 51 50 61 100 114 117 118 119 119 117 122 123 124 124 127 128 129 132 132 133 135 136 138 139 141 144 133 81 65 62 62 60 61 61 61 61 62 61 63 62 62 62 64 65 90 157 171 173 174 173 174 174 173 171 173 174 172 166 103 71 68 68 68 67 68 69 69 70 71 72 74 75 77 79 82 85 121 170 179 182 181 181 178 176 175 175 174 175 172 175 172 173 171 169 168 168 165 162 161 161 152 98 68 62 64 79 96 96 94 93 89 88 
camera 102 61 63 64 66 67 68 67 69 68 70 70 71 70 67 54 51 50 61 99 113 115 117 117 118 116 121 121 123 123 125 127 127 130 131 132 134 135 136 137 141 143 132 81 65 62 62 61 60 60 61 60 61 61 62 61 63 62 64 64 89 156 169 171 172 171 172 172 171 169 171 173 170 165 102 71 68 67 68 67 68 69 69 70 71 72 73 74 77 78 81 84 120 168 177 180 179 179 176 175 173 173 172 172 170 173 170 170 169 167 166 166 163 161 159 159 150 98 67 62 64 78 95 95 93 91 89 87 
camera 102 62 64 65 66 67 69 69 70 69 70 71 71 71 68 55 51 51 61 101 114 117 119 119 119 118 122 123 125 125 128 128 130 132 133 135 136 137 139 139 143 145 135 81 66 63 62 61 62 61 62 62 62 61 62 63 64 64 64 65 90 159 172 175 175 174 175 176 174 172 174 175 173 167 103 72 69 68 68 68 69 69 70 71 71 73 74 75 78 79 82 85 122 171 180 182 181 182 179 177 176 176 175 176 173 175 173 173 172 170 168 169 166 163 161 162 152 99 68 63 63 79 96 96 94 92 90 88 
camera 103 61 64 64 66 67 69 67 69 68 70 70 71 70 67 54 51 50 61 99 113 115 117 117 117 116 121 122 124 123 125 126 127 131 132 133 134 135 137 137 141 143 133 81 65 62 61 60 61 60 61 60 62 61 62 62 63 63 64 64 89 156 170 172 172 171 173 172 171 170 171 173 170 165 102 71 68 67 68 67 68 69 69 70 71 72 73 74 77 78 81 84 120 167 177 179 178 178 176 174 173 173 172 172 170 172 170 170 169 168 166 166 164 160 160 160 150 98 67 61 63 78 94 95 93 91 88 87 
camera 102 62 64 65 67 67 69 68 69 69 70 71 72 70 68 54 51 51 61 100 114 117 118 118 119 117 122 123 125 125 127 128 129 132 132 134 135 136 138 138 142 144 134 82 65 63 62 61 61 61 61 60 62 61 62 62 63 62 64 65 90 158 172 174 174 173 174 175 173 171 173 174 172 166 103 71 68 68 68 68 69 70 70 71 71 72 74 75 78 79 81 85 121 170 180 181 180 180 178 177 175 175 174 174 172 174 172 172 171 170 168 167 165 162 161 161 152 99 68 62 63 79 96 96 94 92 89 88 
camera 102 62 63 64 66 66 68 68 69 68 70 70 71 70 67 54 50 50 60 98 112 115 116 116 117 115 120 121 122 123 124 125 127 130 130 132 133 134 136 137 140 141 132 80 65 62 61 61 60 60 60 60 61 61 62 61 62 62 63 64 89 155 168 170 171 170 171 172 170 169 170 171 168 163 101 70 67 67 67 67 68 69 69 70 70 72 73 74 77 78 80 83 119 167 176 179 177 177 175 174 172 172 171 171 169 172 169 169 168 166 165 165 163 159 158 158 149 98 67 62 63 78 95 95 92 91 88 87 
camera 103 62 64 64 66 67 69 68 69 69 70 70 71 70 68 54 51 50 61 99 114 116 117 117 118 117 122 122 124 124 126 127 128 131 132 133 135 136 138 138 142 144 133 82 65 62 62 61 60 60 61 60 62 61 62 62 62 62 64 64 89 156 171 173 174 172 173 173 172 171 173 173 171 165 102 71 68 67 68 67 69 69 69 70 71 73 74 75 77 78 82 85 120 169 179 181 180 180 177 176 175 175 174 174 171 174 172 172 170 169 167 167 164 161 160 160 152 98 68 62 64 78 96 96 93 92 89 87 
camera 103 62 64 64 66 67 69 68 69 69 70 70 70 70 68 54 51 50 61 100 114 116 118 117 118 117 122 123 124 124 126 127 128 131 132 133 134 136 138 138 142 144 133 82 65 62 62 60 61 60 61 60 61 61 62 62 63 62 64 64 89 156 170 173 174 172 174 174 173 171 173 174 171 166 103 71 68 68 68 68 68 69 69 71 71 72 74 75 77 78 82 85 121 170 179 181 180 180 178 176 175 175 174 174 171 174 171 171 169 169 168 167 165 162 160 160 152 99 68 62 64 79 95 95 93 92 88 87 
camera 103 61 63 64 66 66 68 67 69 68 70 70 70 69 67 54 50 50 61 99 112 115 116 116 117 116 120 121 122 122 125 126 127 130 130 131 133 134 136 136 140 142 132 81 65 61 61 60 60 60 61 60 61 61 62 62 62 62 63 64 88 154 169 171 171 170 172 172 170 169 170 172 169 163 102 70 67 67 67 67 68 69 69 70 71 72 73 74 76 78 81 83 119 167 176 179 178 177 175 173 173 172 171 172 170 172 169 169 168 167 165 165 162 159 158 158 149 97 67 61 62 78 95 95 92 91 88 86 
camera 101 62 64 64 66 67 69 68 69 69 70 71 71 70 68 54 51 50 61 99 113 116 118 118 118 117 122 123 124 124 127 128 129 131 132 134 135 136 138 138 141 144 133 82 65 62 62 61 61 61 61 61 62 61 62 62 63 62 64 64 90 158 172 173 174 173 174 175 173 172 173 173 171 166 102 71 68 67 68 68 68 70 69 71 72 72 74 75 77 78 82 85 121 170 179 181 180 180 178 176 175 175 173 174 172 174 171 172 170 169 167 168 165 162 161 160 151 99 68 62 64 79 96 95 93 92 89 88 
camera 104 62 64 64 66 67 69 68 70 69 70 71 71 71 68 55 51 50 61 100 115 117 119 119 119 117 123 123 125 125 127 129 129 132 133 134 136 137 139 139 143 145 135 82 65 62 62 60 61 60 61 61 62 61 62 62 64 63 64 65 91 158 172 174 175 173 175 175 174 172 174 175 172 167 103 71 68 68 69 68 69 70 70 71 72 73 74 74 78 79 82 85 122 171 180 182 181 181 179 177 176 176 175 175 173 175 172 173 171 170 168 168 166 162 162 161 152 99 67 62 64 79 96 96 94 92 89 88 
camera 103 61 64 64 66 67 69 68 69 68 70 70 71 70 68 54 51 50 61 99 113 115 117 117 117 116 121 122 123 123 125 127 128 131 131 132 134 135 138 138 141 143 133 81 65 62 62 60 61 60 61 61 61 61 62 62 63 63 64 64 90 156 170 173 173 171 173 173 171 170 171 172 171 165 102 71 68 67 68 67 68 69 69 70 71 73 74 75 77 78 81 85 120 169 178 180 179 179 177 175 174 174 172 173 171 173 170 170 169 168 166 166 164 161 159 159 150 98 67 62 63 78 95 95 93 91 88 87 
camera 101 62 64 64 66 67 69 68 70 69 70 71 71 70 68 54 51 51 61 101 115 117 119 118 120 118 123 123 125 125 128 129 130 132 133 134 136 137 139 139 143 145 134 82 66 63 62 61 62 61 62 61 62 61 63 63 64 63 64 65 91 159 173 175 175 174 175 176 174 173 174 175 173 167 103 71 68 68 68 68 69 70 70 70 72 73 74 75 78 79 82 85 122 171 181 182 182 181 179 177 176 176 175 175 173 176 173 173 172 170 169 169 166 163 162 161 153 99 68 62 64 79 96 96 94 92 89 88 
camera 101 61 63 64 66 66 68 68 69 69 70 70 71 69 68 54 51 50 61 99 113 116 117 117 118 116 121 122 123 123 126 127 128 131 131 132 134 135 137 137 141 142 132 81 65 62 61 60 61 60 61 60 61 61 62 62 62 62 64 64 90 156 170 172 173 171 173 173 171 170 172 173 170 165 102 70 68 67 68 67 68 69 69 70 71 72 73 75 77 78 81 84 120 168 177 180 179 179 176 174 174 173 172 172 171 173 170 171 169 168 166 166 163 160 160 159 150 97 67 62 62 78 95 95 92 91 88 87 
camera 101 62 63 65 66 67 69 68 69 69 70 71 71 70 68 54 51 50 61 100 114 116 118 118 119 116 122 123 124 124 126 128 129 132 132 133 135 136 138 138 142 143 134 82 65 62 62 61 61 61 61 61 61 61 62 62 63 62 64 65 90 157 171 173 173 172 173 174 173 171 172 174 171 165 103 71 68 67 68 67 68 69 70 70 71 73 74 75 77 79 82 84 121 170 179 181 180 180 177 176 175 175 174 174 172 174 172 172 170 169 167 168 165 162 161 161 152 98 67 63 64 79 95 95 93 92 89 88 
camera 102 61 62 63 65 66 68 67 69 68 68 70 70 69 67 54 50 50 60 98 113 114 116 115 116 115 120 120 122 122 124 125 126 129 130 131 132 134 136 136 139 141 132 80 64 61 61 60 61 60 60 59 61 61 62 61 62 62 63 64 88 154 168 170 170 169 170 171 169 168 169 170 168 163 101 70 67 66 67 67 68 68 68 70 71 72 73 74 76 77 80 83 119 166 175 178 177 177 175 173 172 172 171 171 169 172 169 168 167 166 165 164 163 159 158 158 149 97 67 62 63 78 95 94 92 91 88 86 
camera 101 62 64 64 66 67 68 68 69 69 70 70 71 70 68 54 51 50 61 100 113 116 117 118 118 117 121 122 124 124 126 127 128 130 132 133 135 135 137 137 141 143 133 81 65 62 62 61 61 60 61 61 61 61 62 61 63 62 64 64 89 156 170 172 173 171 173 173 172 170 172 173 171 165 102 71 68 67 68 68 68 69 69 71 71 72 73 74 77 78 81 85 120 169 179 181 180 180 177 176 174 175 173 174 172 174 171 171 170 169 167 167 165 162 161 160 151 99 67 62 64 79 95 96 94 91 89 88 
camera 103 61 62 64 66 66 67 67 68 68 69 70 70 69 67 54 50 50 60 98 112 114 116 115 116 115 120 120 122 122 124 125 125 129 130 131 132 133 136 136 139 141 131 80 64 61 61 60 60 60 61 60 61 60 61 61 62 62 63 64 89 154 168 170 170 169 170 170 169 168 169 170 168 163 101 70 68 67 67 67 68 68 69 70 70 72 73 74 76 77 80 83 119 167 176 177 178 177 174 173 172 172 171 172 170 171 168 169 168 166 165 165 163 160 158 158 150 97 66 61 62 78 95 94 92 90 88 86 
camera 104 62 64 64 66 67 69 68 68 69 70 71 71 70 67 54 51 50 61 100 114 117 118 117 118 116 122 122 124 124 126 128 128 131 132 133 134 135 138 138 141 143 133 81 66 62 62 61 61 60 61 60 62 61 62 61 63 62 64 64 90 156 171 173 173 172 174 174 172 171 172 173 171 166 102 71 68 68 68 68 68 70 70 70 71 72 73 75 77 79 81 85 121 170 179 181 180 180 178 177 175 175 174 175 172 175 173 172 171 170 169 168 165 162 161 161 152 99 68 62 63 79 96 96 93 92 89 88 
camera 103 62 63 64 66 66 69 68 68 68 70 70 70 70 68 54 51 50 60 99 112 115 116 117 117 116 120 121 123 123 125 126 127 130 130 132 133 134 136 136 140 142 132 81 64 62 61 60 61 60 61 60 61 61 61 61 62 62 64 64 89 154 169 171 171 170 172 172 170 169 171 171 169 164 101 70 67 67 67 67 67 69 69 70 71 72 73 74 76 78 81 83 120 168 177 179 178 178 176 175 173 173 173 173 171 173 171 171 169 168 166 166 164 161 160 159 151 98 67 62 63 78 95 95 93 91 88 87 
camera 102 62 64 65 67 67 69 68 69 69 71 71 71 70 68 54 51 51 61 100 114 117 119 118 119 118 122 123 125 124 127 129 129 132 133 134 135 136 138 139 142 144 134 81 66 63 62 61 61 61 61 61 62 62 63 63 64 63 64 65 90 158 172 174 175 173 175 176 174 172 173 174 172 167 103 71 68 68 68 68 69 70 70 71 72 73 74 75 77 78 82 85 122 171 181 182 182 181 179 177 176 176 175 175 174 176 174 173 172 171 170 169 167 164 162 162 153 99 68 63 64 79 96 97 95 93 90 88 
camera 101 62 63 64 66 67 69 68 69 68 69 70 71 70 68 54 51 50 61 99 113 116 118 118 118 116 121 122 124 123 126 126 128 130 131 133 134 135 137 138 141 143 133 81 65 62 61 60 61 60 61 60 61 61 62 62 63 63 64 64 89 155 170 172 172 171 172 173 171 170 171 173 170 165 101 71 68 67 67 68 68 69 69 70 71 72 74 74 76 78 81 84 120 169 178 180 179 179 176 175 174 174 173 173 171 173 171 171 170 168 167 167 164 161 160 160 151 98 67 62 64 79 95 95 93 92 89 87 
camera 103 62 64 65 67 67 69 69 70 69 70 71 71 70 68 54 51 51 61 100 115 117 119 118 119 118 123 123 125 125 127 128 130 132 132 134 135 137 139 139 143 144 135 82 65 62 62 61 62 61 62 61 62 61 63 62 64 64 64 65 90 158 172 174 174 174 175 175 173 172 173 175 172 167 103 71 68 68 68 68 69 70 70 71 71 73 74 75 78 79 82 85 121 170 180 182 181 181 178 176 176 176 175 175 174 176 173 173 171 170 169 169 166 163 162 161 152 99 68 63 63 79 96 97 94 92 90 88 
camera 103 61 63 64 66 66 69 67 69 68 69 70 71 69 68 54 50 50 61 99 113 115 117 117 117 115 120 121 123 123 124 125 127 129 131 132 133 135 136 137 140 142 132 80 65 62 62 60 60 60 61 60 61 60 62 61 62 62 64 64 89 155 169 171 171 170 171 171 170 169 171 172 169 164 102 71 68 67 68 67 68 69 69 70 70 72 73 74 76 78 81 84 120 168 176 178 178 178 175 174 173 173 172 172 170 172 170 170 169 168 166 165 164 160 159 159 150 98 67 62 63 78 95 95 92 91 88 87 
camera 101 62 64 64 66 67 69 68 69 69 70 70 71 70 68 54 51 50 61 100 113 116 118 118 119 117 121 122 124 124 126 128 129 131 132 134 135 136 138 138 142 143 133 81 65 62 62 61 61 61 61 60 61 61 62 62 63 62 64 64 90 157 171 173 173 173 173 174 173 171 172 173 171 166 103 71 68 68 68 67 68 69 70 70 72 73 74 75 77 79 81 85 121 170 179 181 180 180 178 176 175 175 175 175 173 175 172 172 171 170 169 168 166 162 161 161 152 99 68 62 64 79 96 96 93 92 89 88 
camera 103 61 62 63 65 66 68 67 68 68 69 70 70 69 66 54 51 50 60 99 112 114 116 116 117 115 119 120 122 122 124 125 126 129 130 131 132 133 136 136 140 141 132 80 64 61 61 60 60 59 61 60 61 60 61 61 62 62 64 64 89 154 168 171 171 169 170 171 169 168 169 171 168 164 101 70 67 67 67 67 68 69 68 70 70 72 73 74 76 77 81 84 119 167 176 178 177 177 175 173 172 173 172 172 170 172 170 169 168 166 165 165 163 159 158 159 150 98 67 61 64 78 94 94 92 91 88 86 
camera 102 62 64 64 66 66 69 67 69 68 70 70 71 69 67 54 51 50 61 99 113 116 117 117 118 116 121 122 123 123 126 127 128 131 131 133 134 135 137 137 141 143 133 81 65 62 62 61 61 60 61 60 61 61 62 62 63 62 64 64 89 156 170 172 172 171 173 173 172 170 172 173 170 165 103 71 68 67 68 67 68 69 69 70 71 72 74 74 77 78 81 84 120 169 179 181 180 179 177 176 174 175 173 173 172 174 172 172 170 169 167 167 165 162 161 160 151 98 68 62 63 78 96 96 93 92 89 88 
camera 102 61 63 64 66 66 69 67 69 69 70 70 70 70 67 54 51 50 60 99 114 116 117 117 118 116 121 122 124 123 126 127 128 130 131 133 134 135 137 137 141 143 133 81 65 62 61 60 61 61 61 61 61 61 62 62 62 62 64 65 90 156 171 172 173 172 173 173 171 170 171 172 170 165 102 71 68 67 68 67 68 69 70 70 71 72 73 75 77 78 81 84 121 169 178 180 180 180 178 175 174 175 174 174 172 174 172 171 170 169 168 168 165 162 161 161 151 98 67 62 63 79 96 95 93 92 89 87 
camera 103 62 63 64 66 67 68 68 69 69 70 71 71 70 68 54 51 50 61 100 114 116 118 118 118 117 121 122 124 124 126 127 128 131 132 133 135 136 138 138 142 143 134 81 65 62 61 60 61 61 61 60 62 61 61 62 63 63 64 64 89 156 170 173 173 172 173 174 173 171 172 173 171 165 102 71 67 67 68 67 68 69 69 70 71 72 74 74 77 78 82 84 121 170 179 181 180 180 178 177 175 176 174 174 172 174 172 172 170 169 167 167 165 162 161 161 152 99 67 62 63 79 95 96 94 92 89 88 
camera 100 61 63 64 66 66 68 67 68 68 70 70 70 69 67 54 50 50 60 98 112 115 116 116 117 115 119 121 122 122 124 125 126 129 130 131 132 133 135 135 139 141 131 80 64 61 61 60 60 60 60 60 61 61 61 61 62 61 63 63 89 154 168 170 170 169 171 171 170 168 169 171 168 163 101 70 67 67 67 66 67 68 69 69 70 72 73 74 76 77 81 83 119 167 176 178 177 177 175 173 172 172 171 171 169 171 169 169 168 166 165 165 162 159 159 158 150 98 67 61 63 78 94 94 92 91 88 87 
camera 103 62 64 64 67 67 69 68 69 69 70 71 71 70 67 54 51 50 61 100 115 117 118 118 119 118 122 123 125 124 127 128 129 132 133 134 135 136 138 138 142 144 134 81 66 63 62 61 61 61 61 61 62 61 62 62 63 63 64 64 90 158 172 174 174 173 174 175 173 173 173 175 172 167 103 71 68 68 68 67 69 70 69 70 71 72 74 75 77 78 82 85 121 170 180 182 181 181 178 177 175 176 175 174 172 175 173 172 171 170 168 168 166 163 161 161 152 99 68 62 64 79 96 96 94 92 89 88 
camera 103 61 63 64 66 66 69 68 69 69 69 70 70 70 68 54 51 50 61 99 113 116 116 117 118 116 121 122 123 123 125 126 127 131 131 132 134 135 137 137 140 142 132 81 65 61 62 61 61 60 61 60 62 61 62 62 63 62 64 64 90 155 170 171 172 171 172 173 171 170 171 172 169 164 102 71 67 67 68 67 68 69 69 70 71 72 73 74 76 77 81 84 120 168 177 179 178 178 176 174 173 173 172 172 170 172 170 170 168 167 166 166 164 160 159 159 150 98 67 62 63 78 95 95 92 91 88 87 
camera 102 62 64 64 67 67 68 68 69 69 71 71 71 71 68 54 51 51 62 100 114 117 118 118 119 118 123 123 125 125 127 128 130 132 133 134 135 137 138 139 142 144 134 81 65 62 62 61 61 61 61 61 62 61 62 62 64 63 64 65 90 158 172 174 174 173 174 174 173 172 173 174 172 167 102 71 68 68 68 68 69 69 69 70 71 73 74 75 77 78 81 85 121 169 179 182 181 180 178 177 175 176 174 175 172 175 173 172 171 170 168 168 166 162 161 161 152 99 68 62 64 79 95 96 94 92 89 88 
camera 104 62 64 64 66 66 69 67 69 69 69 70 71 70 68 54 51 50 61 99 113 116 117 117 117 116 121 122 123 123 125 127 128 130 131 132 134 134 136 137 141 142 132 81 65 62 61 60 61 60 61 61 61 61 62 62 62 63 64 64 89 155 170 171 172 171 172 172 170 169 171 172 169 164 102 70 68 67 68 67 68 69 69 70 70 72 73 74 77 78 81 83 120 168 177 179 178 178 176 174 173 173 172 172 170 173 170 170 169 167 166 166 163 160 159 159 150 98 67 62 63 78 95 95 93 91 89 87 
camera 101 62 64 64 66 67 69 68 69 69 70 71 71 70 68 54 51 50 61 100 114 117 118 118 118 117 121 122 124 124 125 127 129 131 131 133 134 136 137 138 141 143 133 81 65 63 62 61 61 61 61 60 62 61 62 62 63 62 64 64 90 157 171 173 173 172 173 173 172 170 172 173 171 166 103 71 68 67 68 67 68 69 69 70 71 72 74 75 77 78 81 84 120 169 178 181 179 179 177 176 175 175 173 174 172 174 172 172 170 169 167 168 164 162 161 161 152 99 67 62 64 79 96 95 94 92 89 87 
camera 101 61 62 64 66 66 67 67 68 68 69 69 70 69 67 54 50 50 60 97 112 114 116 116 117 115 119 120 122 122 124 125 125 128 129 131 132 133 135 135 139 141 130 80 64 61 61 60 60 60 60 60 61 60 61 61 62 62 63 64 88 154 167 169 170 168 171 170 169 167 168 170 168 163 101 70 67 66 67 66 68 68 69 69 70 71 73 73 76 77 80 83 119 166 175 177 176 176 174 173 171 171 170 171 169 171 169 168 167 166 164 165 162 160 158 158 149 97 67 61 63 78 94 94 92 91 88 87 
camera 104 62 64 64 66 67 68 68 68 68 70 70 71 70 67 54 51 50 61 99 113 116 117 118 117 116 120 121 123 123 125 126 127 130 130 132 134 134 137 137 141 142 133 81 65 62 61 60 61 60 61 60 62 61 62 62 63 62 64 64 89 156 171 172 172 171 173 173 171 170 171 173 170 164 101 70 68 67 67 67 68 69 70 70 71 72 74 74 77 78 81 84 121 168 178 180 179 179 176 175 175 174 173 173 171 173 171 172 170 169 167 167 165 162 161 161 152 99 67 62 64 79 95 96 93 92 89 88 
camera 103 61 63 64 66 67 69 68 69 69 69 70 71 70 67 54 51 50 60 99 114 116 117 117 118 116 121 122 123 123 125 127 128 130 131 132 134 135 137 137 141 143 133 81 65 62 62 60 61 60 61 61 61 61 62 61 63 62 63 64 89 156 170 172 173 171 173 173 171 170 172 172 170 165 102 70 67 67 68 67 68 69 69 70 71 72 73 75 77 77 81 84 120 169 178 180 180 180 177 176 174 174 174 174 171 174 171 172 171 169 167 167 165 162 161 161 152 99 68 62 63 79 96 96 94 93 89 88 
camera 100 62 64 64 66 67 69 68 69 69 70 70 71 70 68 54 50 50 61 99 114 117 118 117 119 117 122 122 124 124 126 127 128 131 131 133 134 135 137 138 141 143 133 81 65 62 62 61 61 60 61 60 61 61 62 62 63 63 64 64 90 157 171 173 173 172 173 174 172 171 173 173 171 165 103 71 68 67 68 67 68 69 69 70 71 72 74 75 77 78 82 84 121 170 179 181 180 180 178 176 175 175 174 174 172 174 172 173 171 170 168 168 165 163 162 161 152 99 67 62 63 79 96 96 94 92 89 88 
camera 101 62 64 64 66 67 69 68 69 69 70 70 71 70 67 55 51 50 61 100 114 117 118 118 119 117 122 123 124 124 126 127 128 131 131 133 134 136 137 138 142 144 133 82 65 62 63 61 61 61 61 60 62 61 62 62 62 62 64 64 90 157 171 173 174 173 174 174 172 171 173 174 171 166 103 71 68 68 68 68 68 70 70 71 71 72 74 75 77 79 81 84 121 170 179 181 180 180 178 176 174 175 174 174 173 174 171 172 170 169 168 168 165 162 161 161 152 99 67 62 64 79 96 96 94 92 89 88 
camera 100 61 63 64 66 66 68 67 68 69 69 70 70 69 67 54 51 50 60 99 113 116 117 117 117 116 121 121 123 122 124 125 126 129 130 131 133 134 136 136 139 142 132 81 65 61 62 60 60 60 61 60 61 61 62 62 62 62 64 64 89 155 169 171 172 170 171 172 170 169 170 171 169 164 102 70 68 67 68 67 68 68 69 70 71 72 73 74 76 78 81 84 119 168 176 179 178 177 175 173 172 172 170 171 169 171 169 169 167 167 165 164 162 159 158 158 149 97 67 62 63 78 94 94 92 90 87 86 
camera 102 62 64 64 66 67 69 68 69 69 70 70 71 70 68 54 51 50 62 101 114 117 118 118 119 118 122 123 124 124 126 127 128 131 132 133 134 136 138 139 142 144 134 82 65 63 62 61 61 61 61 61 62 61 62 62 63 62 64 64 90 158 172 174 174 173 174 174 173 171 173 174 172 166 103 71 68 68 68 67 68 70 70 71 71 73 74 75 77 78 81 84 121 169 178 180 179 179 176 175 174 173 172 172 171 172 170 170 169 167 166 165 163 160 159 159 150 98 67 62 63 78 95 94 93 91 88 87 
camera 102 61 62 64 66 66 68 67 68 68 69 70 70 70 67 54 50 50 61 99 112 115 117 117 117 116 120 121 122 122 123 124 126 128 129 131 132 133 136 136 139 141 132 81 64 62 62 61 61 60 60 60 61 60 61 61 62 62 64 64 89 154 169 171 171 170 171 171 170 168 169 171 168 163 101 70 67 67 67 67 67 69 68 69 70 71 73 73 76 77 80 83 118 164 174 175 174 174 172 170 169 169 167 168 166 168 166 165 164 163 161 161 159 156 154 155 146 96 67 62 62 77 93 93 91 90 87 85 
camera 103 62 63 64 66 66 69 67 69 69 70 70 71 69 68 54 51 51 61 99 114 116 118 118 118 117 121 122 123 123 125 126 127 130 131 132 134 135 137 138 141 143 133 81 65 62 62 61 61 60 61 61 62 61 62 62 63 63 64 65 90 155 169 171 172 170 172 172 170 169 170 171 169 163 101 71 68 67 68 67 68 69 69 70 70 72 73 74 76 77 80 83 118 164 173 175 174 174 172 170 169 169 168 168 166 169 165 166 164 163 162 161 159 156 155 155 146 96 67 61 63 77 94 93 91 90 87 86 
camera 102 61 63 64 66 67 68 68 69 68 70 70 71 69 67 54 51 50 61 100 114 116 118 118 118 116 121 122 123 123 125 125 126 130 130 131 133 134 136 137 140 141 132 81 65 62 62 61 60 60 61 60 61 61 62 62 62 62 64 64 88 153 167 169 169 168 169 169 167 166 167 169 167 163 101 70 67 67 67 66 67 69 68 69 70 71 72 73 75 77 79 82 117 162 171 173 172 172 170 168 167 167 166 166 164 166 164 164 163 161 160 160 158 154 154 154 145 96 66 62 62 77 93 93 91 90 87 86 
camera 101 60 62 63 66 65 67 67 68 67 69 69 69 69 67 54 50 49 60 97 112 115 115 115 116 115 119 119 121 120 122 122 123 126 127 129 130 131 132 133 136 138 129 79 64 61 61 59 59 59 60 60 60 60 60 61 61 61 62 62 86 148 162 164 163 162 163 164 162 162 164 165 164 159 99 69 66 65 66 66 66 67 67 68 69 70 71 72 74 75 79 81 114 160 168 169 169 169 167 166 164 164 164 164 162 165 162 162 161 159 159 158 156 153 152 152 144 94 66 60 61 76 92 92 90 88 86 85 
camera 101 61 64 64 66 67 69 68 70 69 70 71 71 70 68 54 51 50 61 100 114 117 119 119 119 117 122 123 124 124 125 127 127 130 131 132 133 134 136 136 140 141 131 81 65 62 62 60 60 60 61 60 62 61 62 62 62 62 64 63 87 152 165 167 167 166 168 169 168 168 170 171 168 162 101 70 67 67 67 67 68 69 69 69 70 72 73 74 76 77 80 83 118 164 173 174 174 175 172 170 169 170 169 169 167 169 167 167 165 165 163 163 161 158 157 156 148 97 67 62 63 78 95 95 92 91 88 87 
camera 100 61 63 64 65 66 68 67 68 67 69 69 70 69 66 54 50 50 60 98 112 115 116 116 116 114 119 120 121 121 122 123 124 128 128 129 130 132 133 133 137 139 129 79 64 61 61 59 60 59 60 59 60 60 61 60 61 61 63 62 87 149 162 164 165 163 165 166 166 165 166 167 164 158 99 69 66 66 66 66 67 67 67 68 69 70 71 72 74 76 78 81 115 160 169 171 170 170 168 166 165 166 165 165 163 165 163 163 162 161 159 159 156 154 153 153 145 94 66 61 62 76 92 92 90 89 86 85 
camera 101 62 64 65 67 67 69 68 70 70 70 71 71 71 68 54 51 51 61 101 115 118 120 119 120 118 123 124 125 125 127 128 129 132 133 134 135 137 138 138 142 144 134 82 66 63 62 61 61 61 61 61 62 61 62 62 63 63 64 64 89 155 169 172 172 171 173 174 173 172 173 173 170 164 102 70 68 67 68 67 68 69 69 71 71 72 74 74 77 78 81 84 119 167 176 178 177 177 175 173 172 173 171 172 169 172 170 169 168 167 165 166 163 160 159 159 150 98 67 62 63 78 96 96 93 92 89 88 
camera 101 61 63 63 65 66 68 67 68 68 69 70 70 69 67 54 51 50 61 98 112 115 116 116 117 115 120 120 122 122 124 124 126 129 129 130 132 133 135 135 139 141 131 80 64 62 61 60 60 60 61 60 61 60 61 61 62 62 63 64 88 152 166 168 168 167 169 169 169 167 168 169 166 160 100 70 67 66 67 66 67 68 68 69 70 71 72 73 76 76 80 82 117 164 172 175 173 173 171 170 168 169 168 167 165 168 165 166 165 163 162 161 159 156 155 155 146 96 66 61 62 77 93 93 91 90 87 85 
camera 102 62 64 64 66 67 69 68 70 69 70 70 71 71 68 54 51 50 62 100 115 117 119 119 119 118 123 124 125 124 127 128 129 132 133 133 135 136 139 139 142 144 134 82 65 63 62 61 61 61 61 61 62 61 62 62 63 62 64 65 90 157 170 172 173 171 174 175 173 172 173 173 170 165 102 71 68 67 68 67 68 69 69 71 71 73 74 74 77 78 81 84 120 168 176 179 178 178 175 173 173 173 171 172 170 172 170 170 168 167 166 166 163 160 159 159 150 98 67 62 63 78 95 95 93 92 89 88 
camera 100 62 63 64 66 66 68 67 68 69 69 70 70 69 67 54 51 50 61 99 113 116 117 117 118 116 121 122 123 123 125 127 127 130 131 132 133 135 137 137 140 142 131 80 65 62 62 60 61 60 61 60 61 61 62 62 62 62 64 64 89 154 168 170 170 170 172 172 170 169 170 170 168 162 101 70 67 67 68 66 68 68 69 69 70 71 72 73 76 77 80 83 118 165 174 175 175 175 172 171 170 170 169 169 167 169 167 167 165 164 163 163 160 156 156 156 147 96 67 61 62 77 93 94 91 90 87 86 
camera 100 62 64 64 67 67 69 68 69 69 70 70 71 70 68 54 51 50 61 100 115 117 119 118 119 117 123 123 125 124 127 128 129 132 132 134 136 136 138 138 142 144 134 82 66 63 62 61 61 61 61 61 62 61 62 62 63 63 64 64 90 156 170 173 173 172 173 174 173 171 172 172 170 164 102 71 68 67 68 67 68 69 69 70 71 73 74 74 77 78 81 84 120 166 176 178 177 176 174 173 172 172 170 170 168 171 168 169 167 166 164 164 162 158 157 157 148 97 67 62 63 78 94 94 92 91 88 87 
camera 103 61 63 64 66 67 68 67 69 68 69 70 71 70 67 55 51 50 61 99 113 116 117 117 118 116 121 121 123 123 125 127 128 130 131 132 134 135 136 136 140 142 132 81 65 62 61 60 61 60 61 60 62 61 62 61 62 62 64 64 88 154 169 170 170 169 171 172 171 169 170 170 167 162 101 70 67 66 67 66 68 68 69 69 70 71 73 73 76 77 80 83 117 164 173 175 174 173 171 170 169 168 168 168 166 168 166 166 164 163 161 162 159 156 155 154 146 96 66 61 62 77 93 93 91 89 87 86 
camera 102 62 64 64 66 67 68 68 69 69 69 70 71 70 68 54 51 50 61 100 114 116 118 118 119 117 122 123 124 124 126 127 128 131 132 133 134 135 138 138 142 143 133 81 65 62 62 61 61 61 62 61 62 61 62 62 63 62 64 65 90 155 169 171 172 170 172 173 172 170 171 171 168 163 101 71 67 67 67 67 68 69 69 70 70 72 73 74 76 77 80 83 118 165 174 177 175 176 173 171 170 170 169 169 167 169 167 167 165 164 163 163 160 158 156 156 147 96 67 62 62 77 93 93 91 90 87 86 
camera 103 61 63 64 65 66 68 67 68 68 69 70 70 69 67 53 50 50 61 98 112 115 116 116 117 116 120 121 122 122 124 125 126 129 130 131 133 133 136 136 140 141 131 80 64 62 61 60 60 60 61 60 61 61 61 61 62 61 63 64 88 153 167 169 170 168 170 170 170 168 168 169 166 161 100 70 67 66 67 66 67 68 68 69 69 71 72 73 75 76 80 82 117 163 172 174 173 173 171 169 168 168 167 167 165 167 165 165 163 162 161 161 158 155 153 153 145 96 66 61 61 77 92 92 91 89 86 85 
camera 104 62 64 64 66 66 68 67 69 69 70 70 71 69 68 55 51 50 60 99 113 116 117 118 118 117 121 122 124 124 126 127 128 131 132 133 135 135 137 138 141 144 133 82 65 62 62 61 61 60 61 61 62 61 62 62 62 62 64 65 89 156 171 173 173 172 173 174 172 170 172 172 170 165 102 71 68 67 67 67 68 69 69 70 71 72 73 74 76 77 81 84 118 167 175 178 177 177 174 173 172 171 170 170 168 171 168 168 167 165 164 164 162 158 157 157 148 96 67 61 63 78 95 95 92 90 88 86 
camera 103 62 64 64 66 67 69 68 70 69 70 70 71 70 68 54 51 50 61 100 114 116 117 118 119 117 122 122 125 124 127 128 129 131 132 134 135 136 138 138 142 144 133 82 66 62 62 60 61 60 61 61 62 61 63 62 63 63 64 65 90 157 172 173 174 173 174 175 173 172 173 174 172 166 102 71 68 67 68 67 68 70 69 70 71 72 74 75 77 79 82 84 121 169 178 180 179 180 177 175 173 174 173 173 171 173 171 171 169 168 166 166 164 161 160 160 150 98 67 62 63 78 95 95 93 91 88 87 
camera 100 60 61 62 64 65 66 66 67 67 68 68 69 68 65 53 50 49 59 96 109 112 114 114 115 114 118 119 122 122 123 124 124 127 128 128 129 129 132 131 135 137 128 79 64 61 61 60 60 59 60 59 61 60 61 61 62 61 62 62 87 150 163 165 166 165 166 166 165 163 165 165 163 158 99 69 66 65 66 66 66 67 68 68 69 70 72 73 75 76 79 81 115 161 170 172 171 171 169 167 166 166 165 166 164 166 164 164 162 161 160 160 158 154 154 154 145 95 66 61 62 76 93 93 90 89 86 85 
camera 102 61 64 64 66 66 68 67 69 68 69 70 71 70 68 54 51 50 61 99 112 115 116 117 118 117 121 124 125 125 128 129 130 133 133 134 135 136 136 137 140 142 132 81 65 63 62 61 61 60 61 61 61 61 62 62 63 62 64 64 90 156 170 173 173 171 173 174 172 171 172 173 171 165 103 71 68 68 68 68 68 69 69 70 71 73 74 75 77 78 81 84 120 169 179 180 179 179 177 175 174 174 172 173 172 174 171 171 169 168 167 167 165 161 160 160 151 99 68 62 63 78 95 96 93 92 89 88 
camera 100 59 61 61 64 64 66 65 66 66 68 68 69 68 66 53 50 50 59 96 109 112 114 114 114 114 119 120 122 123 125 126 127 129 129 130 131 132 133 133 137 138 129 79 64 61 61 60 60 60 60 60 60 60 61 61 61 62 64 64 88 152 166 167 168 166 168 168 167 166 167 167 165 160 99 70 68 66 67 67 67 68 68 69 70 71 72 73 76 77 80 83 118 165 174 175 175 175 172 171 169 169 168 168 167 168 166 166 165 163 162 162 160 157 155 156 147 96 66 62 62 78 94 94 92 90 87 86 
camera 101 59 60 60 62 63 65 64 65 65 66 67 67 66 64 52 50 49 59 93 106 109 111 111 113 111 116 117 119 119 121 122 123 126 127 128 130 130 132 131 134 135 125 78 64 61 61 59 59 59 60 60 61 60 61 61 61 61 63 63 87 149 163 165 165 164 166 166 164 163 164 165 164 159 99 70 67 66 67 66 67 68 68 70 70 71 73 74 75 77 81 83 118 165 174 176 176 175 173 172 171 171 170 170 168 171 169 169 168 166 165 165 163 160 159 159 150 98 67 62 62 78 96 96 93 92 89 88 
camera 98 58 60 61 62 62 65 64 65 65 66 66 67 66 64 52 49 49 58 93 106 109 110 111 112 111 116 117 118 118 120 121 122 125 127 127 128 129 131 130 133 134 124 78 63 60 60 59 59 59 60 59 60 59 61 60 61 61 62 62 86 147 160 163 163 162 163 163 162 161 162 163 161 156 98 69 66 66 66 66 67 68 68 68 69 71 72 73 75 76 79 82 116 162 171 173 172 172 170 168 167 167 167 166 164 167 165 165 164 162 161 161 159 156 154 155 147 96 66 61 62 77 93 94 92 90 88 87 
camera 93 52 54 54 56 56 58 57 58 57 59 59 60 58 57 48 46 45 53 80 91 92 95 95 96 95 98 99 101 101 103 103 104 106 107 108 108 109 111 110 113 113 105 68 57 54 54 53 54 53 54 53 54 54 55 54 56 55 56 56 75 124 135 136 137 135 137 137 136 134 136 137 135 131 84 61 59 59 58 58 59 60 60 61 61 62 64 64 67 67 69 72 99 135 143 144 144 144 142 141 140 141 139 140 138 140 138 138 137 136 136 136 134 131 131 131 123 82 59 55 56 68 81 81 80 78 76 75 
camera 101 59 60 60 62 62 65 64 65 64 65 66 67 66 63 52 49 48 58 91 105 107 109 108 110 108 113 114 115 115 117 118 118 121 121 123 124 124 126 125 129 130 120 75 61 59 59 57 58 57 58 58 58 58 59 59 60 60 61 61 83 143 155 157 157 156 158 158 156 155 156 158 155 150 96 67 65 64 65 64 65 66 66 67 68 69 70 71 73 74 77 80 112 156 165 167 166 166 165 163 162 162 161 161 160 162 160 160 158 156 155 155 154 151 150 151 141 93 65 60 60 75 91 91 89 88 85 84 
camera 100 60 62 62 65 65 67 66 68 67 68 69 69 68 66 53 50 49 60 97 111 114 115 116 116 114 119 120 122 121 123 123 124 126 126 126 128 128 129 130 133 134 125 78 62 61 60 59 59 59 59 59 60 59 60 60 61 61 61 62 85 145 159 161 161 160 161 162 160 159 160 161 159 154 97 68 66 65 66 65 66 67 67 68 69 69 71 72 75 75 78 81 115 160 169 171 171 170 168 166 166 166 165 165 163 165 163 163 162 161 159 160 158 154 153 153 145 95 66 60 61 76 93 93 91 89 87 86 
camera 101 61 64 64 66 67 69 68 69 69 70 70 71 70 68 54 50 50 60 99 114 117 118 118 119 117 122 122 123 123 125 125 127 129 130 131 133 134 136 136 139 141 131 80 64 62 61 60 60 60 60 60 61 60 62 61 62 61 63 63 87 152 165 167 167 166 167 167 165 163 165 166 163 158 99 69 67 66 67 66 67 68 67 68 69 70 72 72 75 75 78 81 115 160 168 170 170 170 168 167 165 165 164 165 163 165 163 163 162 160 159 158 156 153 152 152 144 94 66 61 61 76 92 93 91 88 86 85 
camera 100 60 62 63 65 65 68 67 68 68 69 69 71 69 67 53 50 50 60 98 112 115 116 117 117 115 120 121 122 123 124 125 126 130 130 132 134 135 137 137 141 143 133 82 65 62 62 61 61 60 61 61 62 61 62 62 62 62 64 64 90 158 172 174 175 173 175 176 174 173 174 175 173 168 103 71 69 67 68 67 69 69 70 70 71 73 74 75 77 79 81 84 121 170 179 181 180 180 178 176 174 174 172 173 170 173 170 170 168 166 164 164 162 159 158 158 148 97 67 62 63 77 93 93 92 90 87 86 
camera 102 60 61 62 64 64 67 66 67 66 67 68 69 68 66 53 50 49 59 96 110 112 114 113 114 113 117 118 119 119 121 122 123 126 127 129 130 131 133 134 138 139 130 79 64 61 61 60 60 60 60 60 60 60 61 61 62 62 63 63 88 154 168 170 170 170 170 171 170 168 170 171 168 163 100 70 67 67 67 66 68 68 69 70 70 71 73 74 76 77 80 83 120 167 176 179 178 177 175 173 173 173 172 171 170 172 169 169 167 166 164 165 162 159 158 158 149 97 67 61 63 78 95 95 92 90 88 86 
camera 99 59 60 61 62 63 65 65 65 65 66 67 67 66 65 53 50 49 59 93 106 108 110 110 110 109 113 113 116 116 118 118 119 122 123 124 126 127 129 130 133 135 126 78 63 60 60 59 59 59 60 59 60 60 61 60 61 61 62 63 86 150 163 165 165 164 166 165 164 162 164 165 162 158 98 68 66 65 66 65 66 67 67 68 69 70 71 72 74 75 78 81 115 160 169 170 170 169 167 165 165 164 163 163 161 164 161 161 159 158 156 155 153 150 148 149 140 92 65 60 61 75 90 90 88 87 84 83 
camera 96 53 55 54 57 56 59 58 59 58 59 59 60 59 58 48 47 46 53 81 92 93 95 95 95 94 97 98 99 99 100 101 102 104 104 105 107 108 110 109 113 114 107 69 57 55 55 53 54 53 54 54 55 54 55 55 55 54 56 56 75 125 136 137 138 136 138 138 137 135 136 137 135 131 85 61 59 58 59 58 59 59 59 60 61 62 64 63 65 66 69 71 98 133 140 141 141 140 139 138 136 136 136 136 134 136 135 134 133 131 131 131 129 126 125 125 119 80 58 54 55 67 79 79 77 76 74 73 
camera 95 54 55 55 57 57 59 57 59 59 59 60 60 59 58 49 46 46 53 81 92 94 96 95 96 94 98 98 100 99 101 101 103 104 105 106 107 108 110 109 112 114 107 68 57 54 54 53 53 53 54 54 54 53 54 54 55 54 55 55 74 122 133 135 135 134 135 136 134 132 133 134 133 128 84 61 58 58 58 57 58 59 59 60 60 61 62 62 65 65 68 69 96 130 137 138 138 138 136 135 134 134 133 133 132 134 132 132 131 129 129 128 126 124 123 123 116 79 57 54 55 66 78 78 76 75 73 72 
camera 101 61 63 64 66 66 68 67 68 68 69 70 70 69 67 54 50 50 60 99 113 116 117 117 117 116 121 122 123 122 125 126 127 130 130 132 133 135 137 138 140 142 132 81 64 62 61 60 60 60 61 60 61 60 61 61 62 62 63 63 89 155 169 171 172 170 171 171 170 168 169 170 167 162 101 70 66 66 66 66 66 68 68 69 70 70 72 73 75 76 79 82 117 164 172 174 173 173 170 169 168 168 167 167 165 167 165 165 163 161 160 160 158 154 153 153 145 95 66 61 62 76 92 91 90 87 85 83 
camera 101 61 63 63 65 66 68 67 68 68 70 69 70 69 67 54 50 49 60 99 113 115 117 117 117 116 120 121 123 122 125 125 127 129 130 132 133 134 136 137 141 142 132 80 64 62 61 60 60 60 61 60 61 60 62 61 62 62 63 64 88 155 169 171 172 171 172 172 171 169 170 171 169 164 101 70 67 67 67 66 67 68 68 69 70 71 73 73 76 77 80 83 119 167 176 178 178 177 174 173 171 171 169 169 166 169 165 165 163 160 159 159 156 153 152 151 143 93 65 59 61 73 86 86 84 83 81 80 
camera 100 60 62 63 65 66 67 67 68 68 69 69 70 69 66 53 50 50 60 99 112 115 116 116 117 115 120 120 122 122 124 125 126 129 129 131 133 133 135 136 140 142 132 81 65 62 61 60 60 60 60 61 61 60 61 61 62 62 63 64 89 155 170 172 172 171 172 173 171 169 170 171 169 163 101 70 67 66 67 66 67 68 68 69 69 70 72 73 75 76 79 82 116 162 170 172 170 169 167 165 164 162 160 161 159 159 156 156 154 153 151 151 149 146 145 144 137 89 62 58 59 70 82 82 81 80 79 78 
camera 102 61 62 64 65 66 68 67 69 68 69 70 70 69 67 54 50 50 61 99 113 115 118 118 118 117 121 122 123 124 125 126 127 130 131 132 134 135 137 137 141 144 133 80 65 62 61 60 60 60 61 60 61 61 61 62 63 62 63 64 89 155 169 171 172 170 171 171 169 168 169 170 167 161 100 70 66 66 67 66 67 68 68 68 69 70 71 72 74 75 78 81 114 159 168 169 167 166 163 161 159 159 158 158 154 156 153 153 151 149 148 148 146 143 142 142 134 88 62 58 58 69 80 81 79 79 77 76 
camera 101 60 61 62 64 64 67 66 67 66 67 68 69 68 66 53 50 50 60 97 111 113 115 114 115 113 118 119 120 120 122 123 124 127 128 129 131 132 134 134 138 140 130 80 64 61 61 59 60 59 60 59 60 60 60 60 61 61 62 63 87 151 163 165 166 164 165 165 163 162 163 164 161 156 97 68 65 64 65 64 65 66 66 67 67 68 69 70 72 73 76 78 110 153 160 161 160 159 156 154 152 152 151 152 149 149 147 147 145 144 143 143 141 139 137 137 130 86 61 56 57 67 79 78 78 77 75 75 
camera 99 59 61 61 63 64 65 65 66 65 66 67 67 66 65 52 49 49 59 93 106 109 110 109 111 109 113 113 115 115 117 118 119 121 122 124 125 126 128 129 132 134 125 77 62 60 60 58 59 58 59 58 59 58 59 59 60 60 61 61 84 145 158 160 160 159 161 160 158 156 157 159 156 151 95 66 64 64 64 63 64 65 65 65 66 67 68 69 71 71 74 76 106 146 152 153 153 152 150 148 147 146 146 146 144 145 143 143 142 141 140 140 139 136 135 135 128 85 60 56 57 67 79 79 78 77 75 75 
camera 93 52 53 53 55 55 56 55 57 56 57 57 58 57 56 47 45 45 52 77 87 88 89 89 90 88 91 92 93 93 95 95 96 98 99 100 101 102 103 103 107 108 101 66 55 53 53 52 52 52 53 52 53 52 53 53 54 53 54 54 72 118 128 129 130 128 130 130 129 127 128 129 128 123 80 59 56 56 57 56 56 57 57 58 58 58 60 60 62 62 65 67 91 122 129 130 129 129 128 127 126 126 126 126 125 126 125 126 125 124 123 124 122 120 120 119 114 77 56 52 53 62 74 74 73 73 72 70 
camera 97 53 55 55 57 57 59 58 59 58 59 60 60 59 58 49 47 46 54 82 92 94 96 95 96 94 99 99 100 100 102 102 103 105 106 108 109 109 111 112 115 117 109 70 58 56 55 55 55 54 55 54 55 55 56 56 57 56 57 57 77 129 140 142 143 141 143 143 142 140 141 142 141 136 86 62 60 59 60 59 60 61 61 61 62 63 64 65 67 67 70 72 100 137 144 145 145 145 144 143 142 143 143 143 142 143 142 142 141 140 139 139 138 135 134 134 128 84 59 55 57 69 83 83 81 80 78 77 
camera 98 57 58 59 61 61 64 62 64 63 64 64 65 65 62 52 49 48 57 90 103 105 107 106 107 105 110 110 112 111 114 114 116 118 119 121 122 122 124 125 129 131 121 76 61 59 59 57 58 57 58 58 59 58 59 59 60 59 60 60 84 144 158 159 160 159 160 161 159 156 158 160 158 152 95 67 64 64 64 64 65 65 65 66 67 68 70 70 72 73 76 79 111 155 165 166 166 166 164 163 162 162 161 161 160 162 160 160 159 158 156 157 155 151 150 150 142 93 64 60 61 75 91 91 89 88 85 84 
camera 96 54 56 56 58 58 60 58 60 60 60 61 61 60 59 49 47 46 55 84 95 98 99 98 99 97 101 102 103 103 105 106 107 109 110 110 112 112 114 115 118 119 111 70 58 56 56 55 55 54 55 54 56 55 55 55 56 56 56 56 78 132 142 144 144 143 144 144 144 142 143 145 142 138 88 62 60 60 60 60 60 61 61 62 63 64 65 66 68 68 71 73 103 142 149 150 151 150 149 147 146 146 145 145 144 146 144 144 143 142 142 141 139 137 136 136 129 85 60 56 57 70 84 83 82 80 78 78 
camera 99 59 61 61 64 64 66 64 66 66 67 67 68 67 65 53 49 49 59 95 109 111 112 112 112 111 115 116 117 118 119 121 121 124 125 126 128 129 131 131 135 136 127 78 63 60 60 58 59 58 59 58 59 59 60 59 60 60 61 62 86 149 162 163 164 162 164 165 163 161 163 163 162 156 97 67 65 65 65 65 66 66 66 67 68 69 71 71 73 75 78 80 114 159 168 170 169 169 166 165 164 164 163 163 161 163 161 161 160 159 158 157 154 152 151 151 143 93 65 60 61 76 91 91 89 88 85 84 
camera 98 55 57 57 59 60 62 61 62 61 62 63 64 62 61 50 48 47 56 87 100 102 103 103 103 102 106 107 108 108 110 110 111 113 114 115 116 117 119 119 122 124 116 73 59 57 57 55 56 55 56 55 57 56 57 56 57 57 58 58 79 135 147 148 148 147 148 149 148 146 147 148 146 142 89 64 61 60 61 60 61 62 62 63 64 65 66 67 69 70 72 75 105 144 152 153 152 152 150 149 148 149 147 147 146 147 145 146 145 143 142 142 141 138 137 137 130 86 60 56 57 70 84 84 82 81 79 78 
camera 98 56 58 58 60 60 62 61 62 62 63 63 64 62 61 50 47 47 56 87 100 101 103 103 104 102 106 107 109 108 110 111 112 114 115 116 117 118 120 119 123 125 116 73 59 57 57 55 56 55 56 56 56 56 57 57 57 57 58 58 80 136 147 149 149 148 149 150 148 147 148 149 146 142 90 64 61 61 61 61 62 62 63 64 64 65 66 67 69 69 73 75 105 144 152 154 153 152 151 149 148 149 148 148 146 148 146 146 145 144 143 143 141 138 138 138 131 86 61 57 58 70 84 84 82 81 79 78 
camera 96 56 58 57 59 60 61 60 62 61 63 63 64 62 61 50 48 47 56 87 100 102 103 103 104 102 106 107 108 108 109 110 111 114 114 116 117 118 119 119 123 125 116 73 59 56 57 56 56 56 56 56 56 56 56 57 57 57 58 58 80 135 147 148 149 147 149 149 148 146 148 148 146 142 89 64 61 61 61 60 61 62 62 63 64 65 66 67 69 70 72 74 105 143 151 153 152 152 150 149 148 148 147 147 146 148 146 145 145 143 142 142 141 137 138 137 130 86 60 57 58 70 84 83 82 81 79 78 
camera 97 56 57 58 59 60 62 60 62 61 62 63 64 62 61 50 47 47 56 87 99 102 103 103 104 102 105 107 108 108 110 110 111 113 114 115 116 117 119 119 122 123 115 73 59 57 57 55 56 55 56 55 56 56 56 56 57 57 58 58 79 134 146 147 148 146 148 148 147 145 146 147 145 141 89 64 61 60 61 60 61 62 62 63 64 65 66 66 68 70 72 74 104 143 151 152 151 151 149 148 147 147 146 146 145 147 145 144 144 142 141 142 140 137 137 136 129 85 60 56 57 70 84 83 82 81 79 78 
camera 100 56 57 58 60 60 61 61 62 62 63 63 64 63 62 51 48 47 56 89 101 103 104 104 105 103 107 107 109 109 111 111 112 114 116 116 118 118 120 120 123 125 116 73 59 57 57 56 56 55 56 56 57 56 57 57 57 57 58 58 80 136 147 149 150 148 150 150 149 147 149 150 147 142 90 64 61 61 61 61 62 63 63 63 64 65 67 67 69 70 72 75 105 144 152 153 154 153 152 150 149 149 148 148 147 148 147 147 146 144 143 144 142 139 138 138 131 86 61 57 58 70 84 84 83 82 79 78 
