 119 119 118 123 125 126 125 128 130 131 134 135 136 138 137 139 138 141 140 135 138 145 147 147 150 151 153 154 154 158 157 158 160 161 163 164 167 168 169 170 171 172 170 172 173 172 171 173 174 172 173 173 174 173 175 175 174 173 177 172 175 173 176 175 176 176 177 177 177 178 176 176 177 176 175 172 172 170 170 171 172 170 172 169 169 167 165 163 163 161 158 156 156 153 152 146 97 65 59 59 72 88 92 91 89 
camera 99 57 60 60 64 63 65 65 67 68 68 69 70 70 71 71 62 50 50 50 75 111 119 119 120 119 125 126 127 127 129 131 132 135 136 137 139 139 140 139 142 141 137 139 147 149 149 151 152 155 156 156 159 159 160 162 163 164 166 169 170 171 172 173 173 172 174 174 174 173 175 177 174 175 175 176 175 177 177 176 175 178 174 176 176 178 177 178 179 180 179 179 181 178 178 179 178 177 174 174 172 172 172 174 172 174 171 171 169 166 165 164 162 160 158 158 155 153 148 100 66 59 60 72 89 93 91 89 
camera 97 57 59 61 62 63 65 65 66 67 68 69 70 70 71 71 62 50 49 50 75 109 118 119 120 118 124 125 126 125 128 130 131 134 135 136 138 138 139 139 141 140 136 139 146 148 148 150 151 154 154 155 158 158 159 161 162 164 165 168 169 170 171 172 173 171 173 174 173 172 174 175 173 174 174 175 174 176 176 175 174 177 174 175 175 176 176 176 177 178 177 177 179 177 176 177 176 175 173 173 171 171 171 172 171 172 170 170 167 165 163 163 161 158 156 156 154 152 146 98 65 59 59 72 88 92 91 88 
camera 100 57 60 61 63 64 65 65 67 68 69 70 72 72 72 73 64 51 50 50 77 116 127 128 129 128 134 135 137 137 139 142 142 145 147 148 150 150 152 151 154 153 148 151 159 162 162 164 166 168 169 170 172 172 172 176 176 179 179 182 183 185 185 186 186 185 187 187 186 185 187 188 186 186 186 188 186 188 187 186 184 187 183 184 183 185 184 184 184 185 184 184 185 183 182 183 181 180 177 177 175 175 174 176 174 175 173 173 170 168 166 166 163 160 160 159 155 154 148 99 66 59 60 73 89 93 92 89 
camera 100 58 60 62 64 64 66 66 68 68 70 70 72 71 73 73 64 51 50 51 77 116 125 127 128 126 132 133 135 135 138 140 141 145 146 148 149 150 152 151 154 153 148 152 161 163 163 166 168 170 171 172 174 174 174 176 177 179 181 184 185 186 187 189 189 187 189 190 189 188 188 190 187 187 187 188 186 188 187 186 184 187 182 184 182 184 183 183 183 184 183 183 184 181 181 181 180 178 177 176 173 173 173 174 173 174 172 172 168 167 165 165 162 159 158 158 154 152 146 99 66 59 59 72 88 93 91 88 
camera 99 60 63 64 67 67 69 69 71 72 73 74 76 75 76 76 65 52 51 53 86 125 136 136 137 136 142 143 145 144 147 150 150 154 156 158 159 159 162 161 164 164 158 161 170 173 173 176 177 179 180 180 182 181 181 184 184 186 186 189 190 190 191 192 192 190 192 191 190 189 190 191 188 188 188 189 187 190 188 186 184 188 183 185 184 185 184 184 184 185 184 184 185 182 182 183 181 180 177 176 174 174 174 176 173 175 172 172 169 167 165 165 163 159 159 158 155 153 147 98 66 59 59 73 89 93 91 88 
camera 101 62 65 66 68 69 71 71 73 74 75 76 78 78 79 79 66 52 52 54 91 131 140 141 142 140 147 148 150 150 153 155 156 160 161 163 164 165 167 167 171 170 163 165 175 178 178 180 182 183 184 184 186 186 186 188 188 191 191 194 195 196 196 198 197 195 197 197 196 195 195 197 193 194 194 195 193 195 194 192 190 193 189 191 189 191 190 191 191 191 190 190 191 188 188 188 186 185 183 182 179 179 179 181 179 180 177 177 174 173 171 170 168 164 163 163 159 158 153 106 67 60 60 72 90 95 93 91 
camera 103 61 65 66 69 69 70 71 73 73 75 76 77 77 78 77 62 51 52 56 99 132 138 139 140 139 145 146 147 147 150 153 154 158 160 160 161 162 164 164 167 165 160 164 172 174 174 177 178 180 181 181 184 183 183 186 186 188 188 191 192 193 193 195 195 193 194 194 192 192 193 194 190 191 191 192 190 192 191 188 187 190 186 187 185 187 186 186 186 187 186 185 186 184 184 184 183 181 178 178 175 175 175 176 174 176 173 173 170 168 166 166 164 161 159 159 155 154 149 106 67 59 59 71 88 94 92 89 
camera 100 61 65 66 68 69 71 71 73 74 76 77 78 77 79 77 62 51 51 55 95 130 138 138 139 137 144 145 146 145 149 151 151 155 155 157 158 158 160 160 165 165 160 158 169 172 172 175 176 178 178 179 182 182 181 184 184 185 186 190 190 191 191 193 193 191 192 192 190 189 190 191 188 188 188 189 187 189 188 186 184 186 182 184 182 184 183 183 182 183 182 182 182 181 179 181 179 178 175 175 173 172 171 173 172 174 172 173 170 168 166 166 164 161 160 159 156 155 153 135 79 61 59 60 80 91 91 90 
camera 100 61 64 65 68 68 71 70 72 72 75 76 79 78 78 79 70 54 51 51 70 119 135 136 138 135 142 142 144 143 145 147 148 151 151 153 154 153 156 155 160 162 164 162 159 165 169 172 172 175 175 175 178 179 178 181 181 182 182 184 186 187 186 188 190 187 188 188 187 186 186 187 184 185 183 184 182 185 184 182 180 182 178 179 178 179 178 177 177 178 177 176 177 176 176 177 176 177 174 173 171 172 170 171 169 171 170 170 169 168 166 165 163 161 160 159 155 154 153 151 146 101 66 58 58 65 80 87 
camera 100 62 65 66 68 68 70 70 72 73 75 77 78 76 77 66 52 50 51 75 119 133 135 136 137 135 140 142 142 142 144 145 145 149 149 150 151 151 154 153 157 160 162 160 158 163 166 168 169 170 171 171 173 174 174 176 176 177 177 179 180 181 182 183 184 181 182 183 181 180 180 182 179 179 177 178 176 176 175 173 172 174 171 171 170 172 171 171 172 173 173 172 173 173 174 174 173 174 171 170 168 169 167 167 165 168 166 167 165 164 163 162 160 156 156 155 152 151 150 149 147 139 91 61 57 56 64 79 
camera 104 63 66 68 70 70 74 74 77 76 77 77 75 57 50 49 54 96 127 132 133 136 138 139 139 137 142 143 145 144 146 147 148 151 151 152 153 155 157 157 160 161 160 159 164 166 165 167 168 170 170 170 172 173 172 173 174 175 176 179 180 181 181 181 182 180 181 181 179 177 179 179 176 176 175 175 172 173 171 169 167 168 165 166 164 166 165 165 166 167 167 169 172 172 173 174 173 173 172 170 170 170 169 170 167 168 166 166 165 164 162 162 158 156 155 154 152 151 150 148 147 144 125 71 57 56 55 65 
camera 102 60 63 65 67 68 70 69 71 72 72 73 73 59 50 48 51 85 117 122 124 126 129 129 129 127 132 133 135 134 137 138 137 140 140 141 143 145 148 146 141 143 151 153 155 156 155 157 158 159 160 159 161 161 161 163 163 165 166 168 169 170 169 170 170 169 169 169 167 166 166 167 164 164 164 164 162 162 162 160 158 159 155 156 155 156 156 157 157 159 161 162 164 163 162 163 163 163 161 161 159 160 160 161 158 158 156 156 154 152 150 150 148 145 145 144 142 141 140 138 133 87 60 54 54 59 77 81 
camera 98 58 60 61 64 64 67 66 68 69 71 70 71 71 74 74 69 53 51 51 82 122 130 131 131 129 136 137 138 137 140 141 141 144 144 146 146 146 146 140 144 150 154 155 158 160 159 160 162 163 164 163 164 164 164 166 166 168 168 171 172 172 172 172 173 171 172 173 171 170 170 170 168 169 169 169 167 169 169 168 166 169 165 165 164 164 163 162 162 162 162 162 163 162 163 164 164 165 164 164 163 163 164 165 163 162 161 162 160 159 158 158 155 151 150 150 146 145 144 143 142 132 84 58 55 54 56 70 
camera 102 65 68 69 72 72 75 74 77 77 78 78 78 61 51 50 54 98 130 136 137 140 142 142 142 140 146 147 148 148 150 151 150 153 153 154 155 156 159 156 151 153 161 163 164 165 164 166 167 168 169 169 171 171 171 173 173 175 176 179 179 180 181 181 182 179 180 180 178 177 177 178 175 176 175 176 174 176 176 174 173 175 172 173 172 173 171 172 171 172 172 174 176 175 174 175 174 175 173 173 173 172 172 172 171 170 168 170 168 166 164 163 162 158 156 156 154 152 151 150 148 141 92 61 57 56 59 77 
camera 101 60 65 65 67 67 69 71 71 71 73 73 74 72 57 49 49 58 106 125 128 130 131 132 133 131 136 137 138 137 138 139 140 143 142 143 143 140 138 139 146 148 150 149 151 152 152 153 155 156 156 155 158 156 157 160 159 162 162 164 165 166 166 166 167 165 166 166 164 163 163 164 161 162 162 162 160 161 161 160 159 161 158 159 157 158 157 158 158 159 159 160 160 160 158 157 158 158 156 156 155 155 156 157 155 154 153 154 153 150 149 148 147 144 143 143 141 140 139 138 136 127 80 57 55 54 56 71 
camera 101 60 63 64 66 66 69 69 70 72 74 74 74 63 51 48 50 78 117 124 126 128 130 131 131 129 134 135 136 136 137 138 138 140 141 142 142 136 135 141 145 146 148 148 150 151 150 151 152 154 154 153 155 155 155 157 158 160 161 162 162 164 164 164 164 163 163 163 162 160 161 162 159 159 159 159 158 159 159 158 156 158 155 156 154 156 155 155 154 154 155 155 157 156 156 157 155 155 153 152 152 153 152 152 151 152 148 149 147 146 144 144 142 139 139 138 136 135 135 133 133 130 117 68 56 53 53 55 
camera 99 59 62 64 66 65 67 67 71 72 72 72 74 68 52 48 49 59 105 122 123 127 128 129 129 128 133 135 135 135 137 139 138 141 142 142 142 142 138 136 144 147 149 149 151 152 152 153 154 156 157 156 157 157 157 159 159 161 161 164 165 166 166 166 166 165 166 165 164 163 164 164 162 162 161 162 161 162 162 160 159 160 155 156 153 154 153 153 153 153 153 152 154 154 155 156 157 158 155 155 153 152 152 151 149 150 150 151 149 147 145 145 142 138 137 138 135 135 134 133 131 129 127 123 86 57 54 52 
camera 100 58 61 62 65 66 68 66 68 69 72 72 74 74 71 55 49 49 58 103 121 126 128 129 129 128 133 134 135 134 137 138 138 141 141 142 143 144 143 145 148 151 153 153 156 157 158 159 160 162 162 161 163 162 163 165 165 166 166 170 171 172 172 172 172 170 171 171 169 167 167 168 165 166 166 166 164 165 164 162 160 160 155 156 154 155 153 153 154 154 153 154 157 157 157 158 159 159 157 156 154 154 152 153 151 154 153 153 150 148 147 147 145 142 141 141 138 137 136 134 133 130 110 65 55 53 54 63 
camera 98 57 60 61 64 64 66 66 67 67 68 69 71 72 75 74 64 50 50 51 83 119 127 128 129 127 132 133 134 134 136 138 138 141 142 143 144 145 147 147 149 151 153 155 157 159 159 161 162 164 164 162 165 165 165 167 168 169 169 171 173 174 174 174 175 173 174 175 172 171 171 170 168 168 168 169 167 168 167 165 163 165 161 162 161 162 161 161 162 162 162 162 163 162 162 162 161 161 160 159 158 156 155 156 154 155 155 155 153 151 150 150 148 146 144 144 141 140 139 137 135 116 70 56 55 54 66 78 
camera 101 60 63 64 67 67 68 69 71 71 72 75 77 77 77 74 58 50 51 61 107 129 134 135 135 134 140 141 142 142 145 147 147 150 150 152 153 153 156 155 159 161 164 165 168 170 169 172 172 174 175 174 175 176 175 178 179 180 181 183 184 186 186 187 187 186 187 186 184 181 181 182 179 180 179 179 177 178 177 176 174 176 171 172 171 172 171 171 171 173 173 173 174 174 173 174 174 173 172 171 170 170 168 170 168 169 168 167 165 163 162 161 159 156 156 155 151 151 150 147 138 83 60 56 57 68 85 86 
camera 102 60 64 65 67 68 70 69 71 72 74 75 77 76 77 64 52 49 52 88 122 131 133 133 134 133 139 140 141 141 143 145 145 149 150 151 152 153 154 154 158 160 163 165 168 169 168 170 171 172 173 172 174 174 174 177 178 180 180 183 185 186 185 186 186 183 184 184 182 179 180 181 177 177 177 178 175 177 176 174 172 173 170 171 170 170 169 169 169 170 170 170 171 171 172 174 173 173 169 168 168 170 168 169 167 167 165 164 163 160 159 158 156 153 151 151 149 148 147 145 116 67 58 56 60 80 87 85 
camera 101 61 63 66 68 68 70 70 71 73 74 76 77 76 77 62 52 50 53 90 124 133 135 135 135 134 140 140 142 142 144 146 146 150 151 152 153 154 155 155 159 162 164 166 168 169 169 170 171 173 174 173 176 176 175 178 179 179 181 184 185 187 185 185 185 184 184 183 181 180 180 180 176 176 176 178 176 177 177 175 172 174 170 172 170 172 170 170 170 171 171 169 171 171 171 171 171 171 169 168 167 168 167 168 165 167 164 165 163 161 159 159 157 154 152 151 148 148 147 141 92 62 58 56 67 87 88 85 
camera 101 61 64 65 67 68 70 70 72 73 75 76 77 76 76 60 51 50 55 97 126 133 135 135 136 134 140 141 142 142 145 146 147 150 152 153 154 155 157 156 161 163 166 166 168 171 170 172 173 175 176 176 177 178 177 180 180 182 183 186 187 189 188 188 188 186 187 186 183 182 182 182 179 179 179 179 178 179 178 177 174 176 172 173 172 173 172 172 172 172 172 172 173 172 173 173 172 173 170 170 169 168 168 169 167 167 166 166 164 162 160 161 158 155 154 153 150 149 148 145 110 65 58 56 61 82 88 86 
camera 99 60 62 64 66 66 69 69 70 71 73 75 76 75 71 54 50 50 63 109 125 129 131 132 132 131 136 137 138 138 141 143 143 147 147 148 151 152 154 153 158 160 162 163 165 167 167 170 170 173 173 173 175 175 175 177 178 180 180 182 184 185 185 186 185 183 184 183 181 179 180 180 177 177 177 177 174 174 173 172 170 171 167 168 167 169 168 168 168 168 168 167 169 170 170 170 170 169 167 166 166 166 165 165 163 164 161 162 160 159 156 157 154 151 150 149 146 145 145 143 120 69 58 56 57 75 85 84 
camera 101 60 63 64 66 66 68 68 70 71 72 74 75 75 70 55 50 50 64 110 125 129 131 132 132 131 136 137 139 139 142 144 144 148 149 150 152 153 155 155 159 161 163 164 167 168 169 171 172 174 175 175 177 178 177 179 180 182 182 185 186 187 188 189 188 186 187 186 183 181 182 183 179 180 179 179 176 177 176 175 172 175 171 173 171 173 171 172 172 172 172 171 172 171 171 172 171 170 168 168 167 167 166 167 164 165 163 163 162 160 158 158 155 153 151 151 148 148 146 141 96 62 58 56 65 84 87 85 
camera 101 60 64 64 67 66 68 68 70 71 73 73 75 75 70 53 50 50 65 111 125 129 131 131 132 130 136 137 139 140 142 143 145 148 149 151 153 154 156 155 159 161 164 165 168 169 169 170 172 174 175 175 177 177 177 179 179 181 181 185 187 187 187 188 188 187 187 186 184 182 182 184 179 180 179 180 177 179 178 177 175 178 174 174 173 175 173 173 173 174 173 172 173 172 173 173 172 172 170 169 167 166 164 166 164 165 162 163 161 159 157 157 155 153 152 152 149 148 146 113 68 58 58 61 82 89 88 85 
camera 99 59 62 65 66 66 67 68 71 71 73 72 74 73 71 55 50 49 59 104 123 128 130 130 130 129 135 137 138 138 140 142 143 146 147 149 151 152 154 154 158 159 161 162 164 166 165 168 169 171 173 172 174 174 175 177 177 178 179 182 184 185 185 185 186 183 184 184 181 180 180 181 177 178 177 176 173 174 173 171 168 169 164 163 160 161 158 156 154 152 149 146 144 151 165 170 169 169 167 166 165 164 163 163 161 161 160 160 158 157 155 155 153 151 149 150 146 145 139 91 62 58 58 69 87 89 86 83 
camera 102 61 64 66 68 68 69 70 72 73 73 73 75 75 73 57 51 50 59 105 127 131 132 133 134 132 138 140 142 142 144 146 147 151 152 154 155 157 159 159 162 164 166 164 161 161 160 160 160 160 159 156 156 153 150 149 146 143 141 138 136 161 187 191 191 188 189 190 187 185 186 186 183 184 176 115 83 78 76 73 72 71 69 68 67 66 66 65 65 64 65 65 65 84 153 172 174 174 172 171 170 170 169 169 165 166 164 164 163 161 161 160 158 154 154 154 151 150 146 101 65 59 58 67 87 90 87 85 
camera 100 57 59 61 62 61 64 64 67 67 68 68 69 69 68 54 48 47 55 93 114 118 120 119 120 119 124 125 128 127 129 130 132 135 137 138 139 140 142 141 145 146 144 97 64 59 59 58 58 58 58 58 59 58 59 59 60 59 60 61 64 120 163 169 169 167 168 167 166 164 165 165 163 163 149 84 65 62 62 60 61 62 62 61 61 62 62 62 64 63 65 66 67 88 140 154 155 155 154 153 150 150 149 149 146 147 146 147 145 144 144 143 142 139 138 137 135 134 127 81 59 55 55 67 81 83 80 78 
camera 102 64 68 68 70 70 70 71 74 75 77 76 78 77 75 58 52 51 61 110 131 136 138 139 139 138 143 145 147 147 149 151 152 156 158 161 163 164 165 164 168 170 167 109 71 67 68 69 71 72 75 76 79 80 84 86 90 95 99 103 111 156 194 199 198 196 198 199 196 194 194 194 191 192 188 174 167 170 172 173 174 180 177 180 180 182 182 182 182 183 183 182 182 181 180 181 182 182 179 178 176 176 175 175 172 173 172 172 170 169 167 168 165 163 161 160 157 157 142 82 64 59 61 80 94 95 91 87 
camera 104 64 68 69 71 71 71 71 74 75 76 77 78 78 74 57 51 51 64 114 132 136 138 139 139 137 143 145 147 147 149 152 152 156 158 161 162 164 166 165 168 169 171 172 175 177 177 180 181 184 185 185 188 189 188 192 192 193 194 198 199 200 200 201 201 199 200 200 198 196 195 197 193 194 192 192 191 193 192 190 188 191 186 187 186 188 186 186 185 185 184 184 185 183 183 184 184 183 181 180 179 178 177 177 175 176 174 173 172 170 169 169 166 163 162 162 158 157 138 79 64 59 61 83 95 95 91 88 
camera 102 61 65 67 68 69 71 69 70 71 74 75 76 76 73 57 51 50 58 103 125 130 132 132 133 131 138 139 141 140 143 145 145 149 151 153 155 156 158 157 160 161 162 164 167 168 169 171 172 175 176 177 180 180 180 183 184 185 186 188 190 191 192 193 193 191 192 191 189 186 186 187 184 184 183 184 181 184 183 182 180 183 178 178 177 179 178 178 178 179 177 177 178 176 176 177 176 176 174 173 171 171 170 171 169 169 165 166 164 163 161 160 158 154 153 153 149 147 121 70 61 58 63 86 91 90 88 86 
camera 101 61 64 66 68 68 70 70 71 71 73 74 76 75 74 59 51 50 55 96 123 129 131 132 133 131 137 139 140 140 143 145 146 149 151 153 155 156 156 156 159 161 162 164 167 168 168 171 171 174 175 176 179 179 179 181 182 184 185 188 189 190 190 191 191 189 191 190 188 186 186 187 184 185 184 184 182 184 183 182 180 183 177 178 177 179 178 178 178 178 177 177 177 175 176 177 177 176 173 172 172 171 170 170 167 167 165 166 163 161 160 159 157 154 153 153 150 146 109 66 60 58 67 89 92 90 88 85 
camera 101 61 65 66 69 68 70 70 72 71 73 73 76 76 76 62 52 49 53 87 122 130 132 133 134 133 138 139 141 142 144 147 148 151 152 154 156 156 158 158 161 162 163 165 167 169 168 171 172 174 175 175 178 179 180 182 183 185 186 188 190 192 191 192 193 190 192 191 189 187 187 188 185 186 186 187 183 186 185 184 182 185 180 180 179 181 180 180 179 180 178 178 179 178 177 178 178 177 175 175 174 173 172 173 169 170 168 167 165 163 161 161 159 156 154 153 150 147 107 67 60 58 69 90 92 90 88 84 
camera 102 61 65 66 68 68 70 70 72 72 73 74 76 76 77 67 52 50 52 79 119 130 133 133 134 133 138 140 142 142 144 146 147 151 152 154 155 156 158 157 160 162 163 164 166 168 168 170 171 173 175 176 178 179 180 181 181 182 182 186 189 191 190 191 192 190 191 191 189 187 187 188 185 185 185 185 184 185 185 183 181 184 179 180 179 180 178 179 179 180 178 177 178 178 178 178 177 178 175 174 173 173 171 172 169 170 168 167 165 162 161 161 159 154 153 152 150 145 99 65 60 59 72 90 91 90 87 85 
camera 101 62 66 68 70 69 71 71 73 73 75 75 78 78 78 68 53 50 53 80 122 133 135 136 137 136 142 143 145 145 148 150 151 154 155 158 158 160 161 160 164 165 167 168 170 172 171 174 175 177 179 180 182 183 183 185 185 188 188 192 194 195 195 195 195 194 195 195 193 192 191 193 190 190 190 191 188 190 188 187 185 187 182 184 182 185 183 184 183 184 183 183 183 182 182 183 181 182 179 178 176 177 175 176 174 175 171 171 169 166 163 163 161 158 156 155 152 147 100 66 61 60 73 91 92 91 88 86 
camera 100 61 65 67 70 69 70 71 72 73 74 75 78 78 78 68 53 50 52 77 119 131 133 135 135 134 140 142 143 143 145 148 148 151 153 155 156 156 158 157 161 162 164 165 167 168 168 171 172 175 176 176 180 180 180 183 183 185 185 188 190 192 191 193 193 191 192 191 190 189 188 190 186 187 186 187 184 186 186 184 182 184 179 180 179 181 180 180 180 181 180 180 180 179 179 180 178 179 176 175 173 173 172 173 171 171 169 168 166 163 161 160 158 155 154 154 150 146 104 66 61 60 71 89 91 90 87 85 
camera 102 61 65 67 70 69 71 71 73 72 74 75 78 78 78 67 53 50 52 80 120 131 134 134 134 133 140 141 143 143 146 148 148 152 154 155 156 157 159 158 161 163 164 165 167 169 169 171 172 175 176 177 180 181 180 183 184 185 186 189 191 192 192 193 193 191 192 191 190 188 188 190 186 186 185 187 184 186 185 184 182 185 179 181 179 181 180 180 180 180 179 180 181 179 179 179 179 178 176 175 173 173 172 173 171 171 169 168 165 163 161 161 157 154 153 153 150 146 102 66 61 59 72 89 90 90 87 85 
camera 101 61 65 66 69 69 71 71 72 71 73 73 77 78 79 67 53 50 52 78 118 130 133 133 134 132 138 139 141 141 144 146 147 151 151 154 155 156 158 156 160 161 163 164 166 167 167 170 171 174 174 175 179 179 179 182 182 183 184 187 189 190 190 191 191 190 191 190 188 186 186 187 184 185 185 185 183 184 184 182 180 182 178 179 177 179 177 176 176 177 175 175 176 173 173 174 174 174 172 171 170 170 168 169 166 167 164 163 161 160 158 158 155 152 151 151 147 144 107 66 61 59 68 86 89 88 86 83 
camera 99 60 64 66 68 69 71 71 72 71 72 74 75 77 79 68 53 49 51 75 116 128 131 131 132 130 137 139 140 140 143 145 146 149 151 152 154 155 156 155 159 160 162 163 165 167 167 170 171 173 174 174 178 178 178 181 181 182 183 186 188 189 189 190 191 189 189 189 188 185 186 186 182 183 183 184 182 184 182 181 179 181 177 178 176 177 176 175 175 176 174 173 173 171 171 172 172 173 171 170 168 168 168 168 165 166 164 163 162 159 156 157 155 152 151 150 147 144 113 67 60 59 65 85 89 88 85 83 
camera 101 60 62 65 69 69 71 71 74 74 74 74 76 77 80 71 54 50 52 73 116 130 133 134 134 133 140 142 143 143 146 148 149 152 153 155 157 158 159 159 161 163 165 166 168 170 170 172 173 175 177 177 180 180 181 185 185 187 188 192 192 193 193 194 195 194 195 195 194 191 191 192 188 189 188 189 186 188 187 186 184 187 182 183 181 183 181 181 180 181 180 179 178 177 177 177 177 177 176 176 174 173 172 172 170 170 168 168 166 164 161 161 160 157 155 155 151 149 120 70 62 59 65 86 91 89 87 84 
camera 101 59 61 62 65 68 69 68 70 71 72 73 75 75 76 70 55 50 51 66 112 128 132 132 132 131 137 139 142 141 144 146 147 150 151 153 155 155 158 157 160 161 163 164 166 167 166 169 170 173 174 174 177 179 179 182 183 184 185 188 191 191 192 193 194 193 194 194 192 190 190 191 187 187 187 187 185 186 186 184 182 185 181 181 179 181 180 179 179 179 177 176 177 175 175 177 176 176 174 174 173 170 170 170 169 169 166 166 164 162 160 160 158 155 154 153 150 149 125 72 61 59 63 83 89 88 86 84 
camera 98 58 61 61 63 64 67 67 69 69 71 71 73 73 75 72 57 50 51 60 106 127 131 131 131 130 136 138 140 140 143 145 146 149 150 152 154 155 157 156 159 159 161 162 165 166 165 167 169 172 173 174 177 177 178 181 181 183 184 187 190 192 193 193 194 193 194 195 191 190 190 190 187 187 187 187 185 186 185 184 182 185 180 181 179 180 179 178 177 177 176 176 176 174 173 175 175 175 173 171 171 171 169 169 165 167 165 164 162 160 159 159 158 155 153 152 149 148 138 84 63 59 60 76 88 88 85 84 
camera 99 58 61 61 63 64 67 67 69 70 71 72 75 74 75 72 57 51 51 60 107 128 133 132 133 132 138 139 142 141 145 147 148 150 151 154 155 156 158 156 160 161 163 163 165 167 167 169 170 173 175 175 178 179 179 183 183 185 186 190 192 194 195 196 196 194 196 196 194 192 192 191 188 188 187 188 185 187 186 185 182 185 181 182 180 181 178 179 178 178 176 175 175 173 174 175 175 175 172 172 170 171 169 170 167 167 165 163 160 159 159 160 157 154 153 153 150 148 139 85 63 59 60 75 88 88 86 84 
camera 100 58 60 61 64 65 67 67 69 70 71 72 74 74 75 72 57 51 52 60 105 128 131 131 132 131 137 138 140 141 143 145 146 149 150 151 153 154 156 155 158 159 161 162 164 166 165 168 169 172 173 174 177 178 179 182 183 184 185 188 191 193 194 195 196 193 194 194 191 188 189 190 186 186 185 185 182 183 183 182 180 182 178 178 176 177 176 175 174 174 172 171 171 169 168 169 168 169 166 166 165 166 165 166 163 163 161 160 158 156 155 155 153 151 150 149 147 146 139 91 64 58 58 71 86 87 85 83 
camera 99 58 60 60 64 64 68 66 68 68 70 70 72 73 75 72 56 50 51 59 102 124 128 129 129 128 133 135 137 137 140 142 142 146 147 149 150 152 153 152 154 155 157 159 161 162 163 165 166 168 170 171 173 174 175 178 179 181 181 184 187 188 188 190 191 189 189 189 187 184 184 184 180 179 178 179 176 178 176 175 173 175 171 172 169 170 168 168 168 167 165 164 163 160 160 159 159 158 157 156 155 155 155 156 154 154 152 152 150 148 147 147 146 144 143 143 140 140 134 90 62 57 57 69 83 85 82 81 
camera 99 57 60 60 62 63 67 66 68 68 70 70 72 72 75 70 56 50 51 60 103 123 126 127 129 127 133 135 137 137 139 141 142 146 147 149 150 151 153 152 155 155 158 158 160 163 163 165 166 168 169 170 173 173 174 177 178 180 180 183 186 187 188 190 190 187 188 187 184 183 183 183 179 179 178 179 176 177 176 174 172 174 169 170 168 169 167 166 166 165 164 162 160 158 158 156 155 154 153 152 151 151 150 150 148 149 148 148 147 145 143 144 143 141 139 139 136 135 131 90 62 57 56 67 81 83 81 80 
camera 98 56 59 59 61 62 65 64 66 67 68 70 72 71 73 68 54 49 51 62 103 120 124 124 125 124 130 133 134 134 137 138 139 142 144 145 147 148 149 148 151 151 154 154 157 159 159 161 162 164 166 166 169 170 171 173 174 175 175 178 180 183 183 185 186 185 184 184 181 180 179 179 176 175 173 174 172 173 172 171 169 171 166 167 165 166 165 164 163 162 160 158 157 154 153 154 152 152 150 149 147 147 145 145 143 143 141 141 139 137 136 136 135 132 131 130 126 125 119 81 59 55 55 63 76 76 75 74 
camera 97 55 58 58 60 61 64 64 65 66 68 69 71 70 71 67 53 49 50 61 101 118 121 122 123 122 128 130 131 132 134 136 137 140 141 143 144 145 147 145 148 149 151 151 154 155 156 158 159 161 163 163 166 166 166 170 171 172 173 175 178 180 180 182 182 180 181 180 177 176 175 175 171 171 171 170 169 169 169 167 166 167 163 164 162 163 161 161 160 159 158 155 154 153 152 152 151 150 149 148 146 145 144 145 142 142 140 140 138 135 134 134 133 130 128 128 123 123 115 75 57 54 54 64 74 74 74 71 
camera 98 55 58 58 60 61 63 63 65 66 67 68 71 70 71 66 53 48 50 59 99 117 121 121 122 121 127 128 130 131 133 135 135 138 139 141 143 143 145 144 146 147 149 150 151 153 153 156 156 159 160 160 163 164 164 167 168 170 170 173 175 177 178 179 180 178 179 178 176 173 173 173 170 169 168 169 167 167 167 165 164 165 161 162 160 161 160 159 159 158 156 155 154 152 152 151 151 150 148 147 145 145 144 144 141 141 139 138 137 134 133 132 132 129 126 125 121 121 112 73 57 53 53 64 73 73 72 70 
camera 96 56 58 58 60 61 64 64 65 66 68 69 72 71 71 67 54 49 51 59 100 118 122 123 123 122 128 130 132 132 135 137 137 140 141 143 144 145 146 146 148 149 151 152 153 155 155 158 159 162 162 163 165 166 167 169 171 172 173 176 179 181 182 183 185 182 182 182 180 178 177 177 174 173 172 173 171 171 171 170 167 169 165 166 165 165 164 164 162 162 161 159 159 156 156 156 155 154 151 151 149 148 147 147 144 144 142 141 139 137 135 135 133 130 129 128 123 123 116 78 58 54 54 62 73 74 73 71 
camera 95 55 58 58 60 61 64 63 65 66 67 68 70 69 70 67 53 49 51 59 99 117 120 122 122 121 127 128 130 130 133 135 135 138 140 141 142 143 145 144 146 147 149 150 152 153 154 155 156 159 160 161 163 163 164 168 169 170 170 174 177 180 180 182 182 181 181 180 178 176 176 176 173 173 171 171 169 170 170 168 166 168 164 164 163 164 163 162 162 161 159 158 157 155 154 154 153 152 150 149 148 147 146 145 142 142 140 139 137 135 133 133 132 130 128 126 122 121 116 78 58 53 53 61 72 72 72 70 
camera 96 56 58 58 61 61 64 64 66 66 68 70 71 70 72 67 53 49 50 62 103 120 122 123 124 122 129 131 132 133 136 137 137 141 143 144 145 146 148 147 149 150 152 153 155 156 157 160 161 162 164 164 167 167 167 171 172 173 174 178 181 184 185 186 186 185 186 186 183 181 181 181 178 177 176 176 173 174 174 173 171 172 168 169 167 168 167 166 166 165 164 162 162 159 159 159 158 157 154 153 151 150 149 148 145 145 142 142 140 138 137 136 134 132 131 129 127 124 117 75 57 54 55 65 73 73 72 71 
camera 95 55 58 57 60 60 63 63 65 66 68 69 70 69 70 67 54 49 50 60 100 117 120 121 121 121 126 128 130 130 133 134 135 138 139 140 142 143 145 144 147 148 148 149 152 153 153 155 156 159 160 160 163 163 164 167 168 170 171 173 177 179 180 181 182 181 182 182 179 177 177 177 173 173 173 173 170 172 170 168 166 170 165 165 164 165 164 163 162 162 160 159 158 156 155 155 154 153 151 149 148 147 146 144 142 142 139 139 137 135 134 133 131 128 128 126 124 121 106 65 56 53 55 68 72 72 71 70 
camera 96 55 57 58 60 61 64 62 65 65 68 69 69 69 70 68 57 49 50 55 93 116 121 120 121 119 125 127 129 129 131 133 134 138 139 141 142 143 144 144 147 147 149 149 151 152 152 155 155 158 158 159 162 162 163 165 167 168 170 173 176 177 176 177 179 178 181 181 179 176 175 176 173 173 172 172 170 172 170 168 166 168 164 164 163 164 162 162 161 161 159 158 157 155 154 154 153 152 150 149 147 146 145 145 142 141 139 139 136 134 133 133 131 128 127 125 123 122 118 80 58 53 53 60 70 72 71 70 
camera 96 56 58 59 62 62 65 65 67 67 69 70 71 70 72 71 59 50 51 53 87 117 122 122 123 120 127 129 131 131 134 135 136 140 141 143 145 146 147 146 149 150 152 152 154 155 156 158 159 161 161 159 165 166 167 170 171 173 173 176 179 182 182 183 184 184 184 185 182 180 180 180 176 176 175 175 173 174 173 172 169 171 167 168 166 167 166 164 164 163 162 161 160 158 158 157 156 155 153 151 150 149 147 147 145 145 142 141 140 137 136 135 134 131 129 128 125 124 120 87 59 54 54 59 71 73 73 71 
camera 97 57 59 59 63 63 65 65 67 68 69 70 71 71 72 72 59 51 51 54 89 118 123 124 124 122 128 130 131 132 135 136 138 141 142 144 146 146 148 148 151 152 153 154 156 158 158 160 162 163 163 162 167 169 170 172 173 175 175 178 181 184 184 185 186 185 187 186 184 183 182 181 178 178 176 177 174 176 175 173 171 173 169 170 168 168 167 166 165 165 163 162 162 160 159 159 158 157 154 153 151 151 149 149 146 146 144 143 141 139 137 137 135 133 131 129 127 125 122 88 60 54 54 59 72 73 73 72 
camera 99 57 59 59 62 62 65 65 67 68 70 71 71 71 72 72 59 50 51 54 90 118 124 124 124 123 129 130 132 133 135 137 138 141 143 144 146 147 149 148 150 151 153 154 156 158 158 161 162 164 164 162 167 169 170 172 173 175 176 179 182 185 185 185 186 186 186 186 185 182 181 182 178 178 177 178 175 176 175 173 171 173 169 169 168 169 167 166 166 166 165 162 162 159 159 159 158 157 155 153 152 151 150 150 147 146 144 143 141 139 137 137 135 132 131 130 127 125 121 83 59 54 54 62 73 74 74 72 
camera 96 56 59 59 62 62 64 64 67 67 70 71 70 71 72 71 58 50 51 55 91 118 123 123 124 121 128 130 131 132 135 137 137 140 142 143 145 146 148 147 149 150 152 153 156 158 156 159 161 163 163 161 166 168 169 172 172 174 174 178 181 184 184 185 185 184 185 185 183 181 180 181 176 177 176 176 174 174 174 172 170 172 168 169 167 168 166 166 164 165 163 161 161 159 158 157 156 156 153 152 150 149 148 148 145 145 143 142 140 138 137 136 134 131 131 129 126 125 119 80 58 54 54 62 73 74 74 71 
camera 97 56 58 59 61 62 65 64 67 67 69 70 70 71 71 71 58 50 51 55 91 117 122 123 123 121 127 130 131 131 134 135 137 140 142 143 144 145 147 146 149 150 152 152 155 156 156 159 160 162 162 160 166 167 167 170 171 172 174 178 180 183 183 185 184 184 185 184 183 180 180 180 176 177 175 176 173 174 174 172 169 172 167 168 166 167 166 165 164 164 162 161 160 158 158 158 156 156 154 152 151 149 148 148 145 145 142 142 140 138 137 137 135 131 130 129 127 124 116 74 57 54 55 65 73 74 73 71 
camera 99 56 59 59 62 62 65 64 67 67 69 70 71 71 72 71 60 51 51 53 87 116 122 122 123 121 127 129 130 131 134 136 137 140 141 143 145 145 147 146 149 149 151 152 155 156 156 159 160 162 162 160 165 166 167 170 171 173 174 177 180 183 183 185 185 184 186 185 184 182 180 181 177 177 176 177 174 176 174 173 170 173 168 169 167 168 167 165 165 164 164 162 161 159 159 158 157 157 155 153 151 151 149 149 147 146 144 143 141 140 138 137 136 133 131 130 128 126 118 76 58 54 54 64 73 74 74 71 
camera 99 57 58 59 62 62 65 65 67 68 70 71 71 71 73 72 60 50 51 53 87 117 123 124 124 121 129 130 132 132 135 137 138 141 143 144 146 146 148 147 150 151 153 154 156 157 157 160 160 163 162 161 167 168 169 172 173 174 174 178 181 184 184 185 186 185 186 186 185 183 181 182 178 178 177 177 175 176 175 173 171 173 169 170 167 169 167 167 166 166 163 162 162 160 159 159 158 158 155 154 152 151 150 151 149 148 145 144 143 141 139 139 137 134 133 132 129 128 121 79 59 54 55 65 73 75 74 72 
camera 99 57 59 59 62 63 65 65 68 68 71 71 71 71 73 72 60 50 51 53 87 117 124 124 124 122 129 130 132 132 135 137 137 141 142 143 144 145 148 147 149 149 152 152 154 155 156 159 161 162 162 160 166 166 168 171 172 173 174 177 180 182 183 184 185 184 185 185 183 180 180 181 177 177 176 176 174 175 174 172 170 172 168 169 167 168 166 166 165 164 163 161 161 159 158 158 157 156 154 153 151 150 149 149 148 148 146 144 143 142 140 140 138 135 134 133 131 129 121 78 58 54 55 65 74 75 75 72 
camera 97 57 59 59 62 64 66 65 68 68 71 71 71 71 73 72 59 50 51 53 89 118 124 123 123 122 128 129 130 130 133 135 135 139 140 142 143 144 145 144 147 148 149 150 152 153 154 156 158 160 159 158 164 165 166 169 169 171 172 175 177 180 180 182 182 181 182 182 180 179 178 178 174 174 174 173 171 172 171 170 167 170 165 166 164 165 164 163 162 162 161 159 159 157 156 156 155 154 152 151 149 149 147 148 146 146 144 143 142 140 139 139 138 135 134 133 130 129 122 78 58 54 55 66 75 76 75 74 
camera 99 57 59 60 63 64 66 66 68 68 71 71 73 72 73 72 60 50 51 53 89 120 124 125 125 123 129 130 131 131 134 135 136 139 140 142 143 144 146 145 148 148 149 150 152 153 153 156 157 159 161 161 164 165 166 168 169 171 172 175 178 180 180 183 185 184 184 184 181 180 180 181 177 177 176 176 174 176 174 172 170 172 168 169 167 167 165 164 163 162 160 160 158 156 154 154 153 153 151 149 148 148 147 147 144 144 143 142 141 139 138 138 136 134 133 132 130 128 123 83 59 54 54 63 74 76 76 74 
camera 98 60 61 61 66 67 68 69 70 71 73 74 76 76 77 75 61 51 51 54 89 124 132 132 132 130 136 138 139 139 142 144 145 149 150 151 153 153 156 154 157 158 160 162 164 165 164 167 168 171 172 172 174 175 175 179 179 181 182 185 187 189 190 192 193 192 193 193 191 188 187 188 184 184 182 182 180 180 179 177 175 177 172 173 170 170 169 168 167 166 164 163 162 160 159 158 156 155 153 151 149 149 148 148 145 145 143 143 142 139 138 138 137 134 133 132 130 129 124 85 60 55 55 62 74 75 75 74 
camera 102 60 62 62 66 67 69 69 72 72 74 74 77 77 78 75 59 50 51 54 94 125 132 133 132 131 136 138 140 140 143 145 145 149 150 153 154 155 157 155 159 160 163 163 165 166 165 168 169 171 173 173 176 177 176 180 181 183 182 186 188 191 191 193 193 193 194 194 192 191 190 190 186 186 185 185 182 184 182 180 178 180 175 175 173 174 172 171 170 169 167 165 164 162 160 161 160 158 155 154 151 150 149 149 146 146 144 143 142 140 138 139 137 134 133 132 130 128 122 82 59 55 55 64 75 76 75 74 
camera 102 60 62 63 66 67 69 68 72 72 73 74 76 77 78 73 57 50 51 56 98 125 131 131 132 130 135 136 138 138 141 143 143 146 148 149 151 153 155 154 158 159 161 161 164 165 164 167 168 170 171 172 174 175 175 178 178 180 181 184 186 188 189 191 192 190 191 193 191 190 190 191 186 186 185 185 182 184 182 180 178 180 176 176 175 175 173 172 171 170 169 168 167 164 163 163 161 160 158 156 154 152 151 150 146 146 144 143 141 139 137 136 135 132 131 130 129 128 117 72 57 54 55 67 75 75 74 73 
camera 101 60 62 62 65 66 68 68 71 71 72 72 75 76 78 72 56 50 51 57 100 125 130 130 130 128 134 135 137 136 138 141 141 144 146 148 150 150 153 152 155 156 159 160 162 163 162 165 166 169 170 170 173 174 174 177 178 179 179 182 184 186 189 191 191 190 191 193 191 190 190 190 186 186 184 184 182 184 181 179 177 179 175 175 173 173 171 170 169 168 166 164 164 161 160 160 158 156 153 151 147 146 143 142 139 138 135 134 132 129 128 128 125 122 121 120 118 117 110 71 56 53 54 65 72 72 72 72 
camera 100 59 61 61 64 65 67 66 69 70 72 72 73 74 76 74 60 50 50 51 84 119 125 126 127 124 130 131 132 132 136 137 138 141 143 145 146 147 148 148 151 151 154 154 157 159 158 160 161 163 165 166 168 169 170 172 172 174 174 177 178 181 183 184 186 185 187 188 187 185 186 185 182 181 179 180 176 177 177 174 171 173 169 169 167 167 165 165 163 162 160 159 159 156 156 155 154 154 152 150 147 145 142 140 137 136 134 133 131 129 127 127 125 121 120 118 115 114 113 93 60 53 52 53 64 67 67 65 
camera 99 60 63 64 65 65 68 68 70 71 73 73 75 75 77 76 64 51 50 50 74 116 127 128 129 127 132 134 135 135 137 139 141 144 145 147 148 149 150 150 153 154 156 158 159 161 160 163 164 166 167 167 170 171 172 174 175 177 177 180 182 185 188 190 190 187 189 191 190 188 188 188 184 183 181 181 178 179 178 176 174 176 171 172 170 171 168 168 167 166 164 162 162 159 159 158 157 156 154 152 150 149 145 144 141 139 136 134 132 128 125 123 120 115 109 104 101 100 100 86 58 52 51 52 61 64 64 64 
camera 100 61 62 64 66 67 69 69 73 73 74 75 77 77 77 77 76 64 53 51 53 84 123 131 132 130 136 137 138 138 141 143 144 147 149 150 152 153 155 155 158 159 161 162 163 165 164 167 168 171 172 173 176 176 176 180 180 182 182 186 188 190 192 194 194 193 195 196 194 192 192 192 187 187 185 185 181 183 181 178 175 177 173 174 171 172 170 169 168 167 165 164 163 161 160 161 159 157 155 152 151 150 147 146 143 141 134 131 130 126 122 115 109 105 103 98 93 91 93 94 83 56 52 50 52 61 65 65 
camera 97 56 58 59 62 62 64 65 67 61 49 46 47 59 91 100 101 102 104 105 105 108 109 108 107 105 109 110 110 109 111 111 111 113 113 114 114 113 115 114 117 118 120 121 124 125 126 129 132 135 137 139 142 145 147 150 152 155 157 161 164 166 168 170 170 170 172 173 171 170 170 169 166 165 164 164 161 162 161 158 155 156 153 153 151 152 150 149 148 147 146 145 144 142 141 141 140 138 136 134 132 131 129 129 125 122 117 116 110 100 93 85 77 74 75 79 79 77 77 74 62 50 48 47 50 57 59 59 
camera 96 56 58 59 61 62 63 64 62 49 46 45 56 87 98 100 101 102 105 106 106 108 110 110 110 108 112 114 114 115 117 118 119 122 123 124 125 125 127 127 129 131 132 133 134 136 135 137 138 139 140 140 142 143 144 146 147 148 148 150 151 151 152 153 155 153 153 153 150 148 147 146 141 140 137 135 132 131 129 125 122 122 118 117 114 113 111 110 110 108 108 106 106 104 105 104 104 103 102 102 101 101 100 100 98 95 88 79 69 66 62 61 62 64 65 61 59 57 58 58 59 60 61 64 63 61 59 57 
camera 100 59 61 62 65 66 67 68 68 53 49 47 55 91 108 111 112 113 116 117 118 120 122 122 122 120 125 127 128 128 131 132 133 136 138 139 140 141 142 142 145 146 148 148 150 151 150 151 152 155 156 156 159 160 159 162 163 164 164 166 168 169 170 171 172 172 174 174 173 171 172 172 168 167 166 166 164 164 163 162 159 160 156 155 153 153 151 150 149 149 146 143 143 141 141 140 140 138 137 135 134 134 132 131 127 127 124 122 118 111 105 101 98 94 93 79 61 59 64 66 68 67 66 66 65 64 59 55 
camera 101 60 62 64 67 67 69 70 72 68 55 48 49 57 95 112 113 115 118 119 121 123 124 124 124 123 128 129 131 131 134 135 136 139 140 142 143 144 145 145 147 149 150 151 152 154 154 155 155 158 160 161 163 163 164 167 167 169 169 171 173 174 175 176 177 177 179 179 178 175 176 176 172 171 170 170 167 168 167 165 163 165 160 160 157 158 156 155 153 153 152 150 149 146 146 145 144 143 141 140 139 138 137 136 133 132 130 128 125 119 114 110 104 98 90 80 68 53 49 48 49 48 51 52 58 64 65 62 
camera 100 60 63 64 67 67 69 70 73 72 73 59 51 48 51 81 110 115 118 120 120 122 124 124 125 123 129 130 131 131 134 136 136 139 140 142 143 144 146 145 147 149 150 151 152 154 153 156 158 160 160 160 164 164 165 167 168 170 171 173 174 176 177 178 179 178 180 181 179 178 179 179 175 175 174 174 171 172 171 169 166 168 164 164 162 162 160 159 158 157 155 153 152 150 150 150 149 148 147 145 145 145 142 141 138 137 134 133 129 124 120 116 112 106 93 73 73 75 75 74 74 73 71 70 66 60 56 52 
camera 102 60 63 64 66 67 69 70 72 73 74 66 53 48 49 66 103 115 118 120 120 122 124 124 124 123 128 130 131 131 133 135 136 139 141 141 142 143 145 144 147 147 149 150 152 152 152 155 156 158 160 160 163 163 164 167 168 170 171 173 175 177 178 179 181 180 182 183 182 181 181 182 179 179 178 179 176 177 176 174 172 174 169 169 167 168 167 165 164 163 162 160 160 157 156 157 156 155 153 152 151 151 149 150 147 146 142 141 138 133 129 127 121 116 112 110 107 99 66 54 54 52 52 52 58 65 64 61 
camera 98 58 60 62 64 64 66 68 70 70 71 64 51 47 48 63 97 108 111 111 112 114 116 116 117 115 120 121 122 122 125 125 127 130 131 131 133 134 135 135 137 138 139 140 141 143 143 145 147 149 150 151 153 154 155 157 159 160 162 164 166 168 169 171 172 172 173 174 173 171 172 173 170 170 170 171 168 169 169 167 165 167 163 163 162 164 162 161 160 160 159 158 158 156 156 157 158 158 156 156 153 153 152 152 149 150 147 147 145 142 137 135 129 122 118 115 112 101 66 55 55 53 53 50 53 62 65 63 
camera 99 59 62 63 65 66 68 67 68 68 70 70 64 50 48 47 61 97 109 111 112 113 115 115 115 114 119 120 121 121 123 124 125 129 130 131 132 132 134 133 136 137 138 139 141 142 142 143 145 147 149 149 151 152 154 155 156 158 159 162 164 166 168 170 171 171 173 175 173 173 173 175 172 172 171 172 170 171 170 168 166 168 164 165 163 163 162 161 161 160 159 158 158 156 156 156 157 158 157 156 156 156 155 156 153 153 152 153 151 150 148 147 145 142 140 137 132 130 125 113 70 57 56 55 53 52 55 67 
camera 97 57 60 62 65 64 67 66 67 67 69 69 68 54 48 46 51 82 105 108 109 111 113 113 114 112 117 118 119 119 121 123 124 127 128 129 131 131 132 132 135 136 137 138 141 142 141 143 144 146 147 148 150 151 153 155 156 158 159 161 164 165 167 170 172 172 174 176 175 175 176 177 173 172 171 172 170 170 169 168 165 167 163 164 162 163 161 160 160 160 159 157 156 154 154 153 153 153 151 151 150 150 149 149 147 147 145 144 142 140 139 139 137 134 132 131 129 127 124 123 121 117 108 66 57 55 55 53 
camera 97 57 59 60 61 63 66 65 67 67 68 67 68 57 48 46 47 62 94 104 105 107 109 109 110 108 113 114 115 115 118 119 119 122 122 124 125 126 128 127 130 131 132 134 135 137 136 138 139 141 142 142 145 145 146 148 150 151 152 154 156 158 160 163 165 164 167 168 169 167 168 169 166 166 165 165 163 164 163 162 159 161 156 156 154 154 153 151 151 150 148 147 146 143 143 143 141 141 139 138 137 137 136 136 135 135 132 131 129 128 127 127 126 123 122 122 121 120 120 118 118 115 114 112 108 107 103 100 
camera 102 61 63 65 67 69 71 70 72 72 73 73 74 68 55 49 49 53 86 111 115 118 120 120 120 119 125 125 127 128 131 131 131 135 136 138 140 140 142 142 144 145 147 148 150 152 151 153 154 156 158 159 161 162 162 166 166 168 169 172 174 176 178 182 186 186 190 191 189 189 188 190 185 184 182 182 180 180 179 177 175 177 172 172 169 170 167 167 166 165 162 160 160 157 155 155 154 153 151 151 150 149 149 149 146 146 144 144 142 142 141 140 139 136 137 136 134 134 133 131 130 127 126 124 120 119 113 109 
camera 100 60 62 64 66 67 69 69 71 70 71 72 73 71 60 49 48 49 68 101 113 116 117 115 118 116 122 123 125 124 127 129 130 133 134 136 138 138 140 139 141 143 145 145 148 149 149 151 152 154 155 156 158 159 160 163 164 166 167 169 171 173 175 179 182 181 183 184 182 182 183 184 180 180 179 179 176 177 175 173 171 173 168 168 166 166 164 163 162 161 160 158 157 155 154 153 151 150 148 148 147 147 146 146 145 145 143 143 142 141 140 140 139 136 136 136 134 133 132 130 128 125 124 122 118 116 111 108 
camera 98 59 63 64 67 68 71 70 72 72 72 72 73 73 72 72 62 50 49 49 57 89 113 116 116 116 122 122 125 124 126 128 129 133 133 135 137 138 139 139 142 143 144 145 147 148 149 151 151 153 155 155 159 159 160 162 164 165 166 169 170 172 173 174 177 178 181 183 183 183 184 185 182 183 182 182 180 180 180 178 175 176 172 172 170 170 168 167 165 163 162 160 158 156 155 154 153 152 150 149 148 148 148 148 146 147 145 145 143 142 141 142 140 138 138 138 136 135 134 133 132 130 129 127 123 120 116 110 
camera 94 52 55 56 58 59 62 61 64 64 65 65 66 66 67 67 67 68 68 58 50 47 48 56 85 101 107 108 109 109 111 112 112 115 116 117 119 120 122 121 125 125 127 127 129 131 131 132 133 135 137 137 139 139 140 142 144 145 146 148 149 151 152 153 154 155 159 161 159 159 162 163 160 161 160 161 159 160 159 157 155 156 152 152 149 150 149 147 146 146 144 142 141 139 138 138 137 136 134 133 132 132 131 131 130 130 129 129 129 127 126 127 126 124 124 123 121 121 121 119 119 116 116 114 111 109 105 102 
camera 93 53 55 57 59 60 62 62 65 64 66 66 66 66 68 68 69 70 72 67 56 48 48 51 72 97 110 111 113 112 115 116 117 120 121 123 123 125 127 127 130 131 132 133 136 138 138 140 141 143 144 144 147 147 148 151 152 153 154 156 158 160 161 162 165 164 166 166 166 166 168 171 168 167 167 168 164 165 163 162 160 162 157 155 152 151 151 153 152 151 150 148 147 145 144 143 142 141 139 138 137 137 137 136 136 137 134 135 134 132 132 133 131 129 129 129 127 127 126 125 124 121 120 118 114 113 107 104 
camera 97 56 58 59 62 61 62 62 65 65 67 67 69 69 71 71 71 71 72 64 53 48 50 54 82 104 114 115 117 117 120 122 122 125 127 129 131 131 133 133 135 137 139 139 142 143 143 145 147 148 151 151 153 154 154 158 160 161 162 164 166 167 168 170 172 171 173 174 174 172 172 173 170 170 168 169 166 167 165 164 161 163 159 159 158 158 156 155 154 153 152 150 150 147 146 146 146 145 143 143 141 141 141 141 140 141 138 139 138 136 134 135 134 131 132 131 129 128 127 125 124 122 120 118 113 112 108 105 
camera 99 55 58 59 62 62 65 65 67 67 67 67 69 69 71 72 72 73 69 55 50 49 53 78 107 114 120 121 123 123 125 126 128 131 132 133 135 135 137 138 140 140 142 143 145 147 148 149 151 153 154 154 158 158 160 162 164 165 165 168 170 171 173 174 175 173 174 174 173 170 170 170 167 167 166 166 163 164 163 161 159 161 158 158 156 157 155 154 153 152 150 149 149 146 146 146 146 145 143 142 142 142 141 141 139 140 138 137 136 135 134 135 132 129 129 128 125 124 123 122 120 117 116 115 111 109 104 101 
camera 103 61 62 65 69 69 72 71 72 71 72 72 75 75 76 74 65 52 50 50 68 104 122 125 125 124 129 130 131 132 134 135 135 139 139 140 141 142 144 144 146 147 149 149 151 152 152 155 156 158 159 160 163 163 163 167 168 169 169 171 172 172 171 171 170 167 168 167 165 163 163 163 160 160 159 159 157 158 157 155 153 155 150 151 149 150 148 148 147 147 147 146 146 145 144 145 144 144 143 142 140 140 140 141 139 137 134 134 133 130 129 128 125 122 120 118 115 114 113 112 111 109 108 106 103 101 96 93 
camera 100 58 60 62 65 67 69 69 71 71 72 73 74 73 74 74 74 75 77 77 75 60 52 51 71 108 127 131 132 131 134 135 135 138 139 140 141 142 144 142 145 145 147 147 149 150 150 151 152 154 155 155 158 158 159 160 161 162 162 163 163 163 162 162 161 158 158 158 155 153 154 154 151 151 151 152 150 150 149 148 145 147 144 144 142 142 141 141 141 142 142 141 142 141 141 141 141 140 137 137 135 135 134 133 130 129 127 126 124 122 120 120 117 114 112 112 109 108 107 106 104 102 101 99 96 94 91 88 
camera 106 68 71 74 75 77 80 79 81 80 80 81 82 82 82 82 84 86 78 60 54 54 75 118 141 142 149 149 151 150 153 154 154 158 158 161 162 163 164 162 166 166 168 169 171 173 172 174 175 178 178 179 182 182 182 186 187 187 188 189 188 187 186 185 184 180 180 180 178 176 176 176 173 173 173 173 171 172 171 169 167 169 165 166 164 165 165 165 167 168 166 166 166 164 164 164 163 162 159 157 156 156 154 155 152 153 150 148 146 143 140 139 138 134 134 134 131 130 129 127 126 123 121 118 114 112 108 104 
camera 102 63 66 67 70 70 73 73 75 75 77 77 77 76 77 78 79 72 59 51 51 56 89 120 128 127 133 134 135 134 137 138 138 141 142 143 144 144 147 146 148 148 150 150 152 153 153 155 156 159 159 159 163 164 164 166 166 167 168 170 168 168 167 166 165 162 162 162 160 158 158 159 156 156 155 155 153 153 152 151 149 151 148 148 147 149 148 148 148 149 148 147 147 145 144 145 144 143 142 140 140 140 138 138 136 136 134 133 132 128 126 125 124 122 122 121 119 119 118 116 115 112 112 110 106 105 101 98 
camera 103 65 67 68 71 72 74 73 73 74 74 74 75 74 76 78 79 80 80 69 54 51 54 76 114 127 135 135 137 135 137 139 140 143 143 144 145 146 148 147 149 150 151 151 154 155 155 158 158 160 161 162 165 165 165 167 168 169 168 170 169 169 167 165 165 162 163 163 161 159 159 159 156 156 154 155 153 150 150 151 150 151 149 149 148 150 150 150 150 151 150 149 148 147 146 146 145 144 142 141 140 140 139 137 135 134 132 131 129 128 127 127 126 122 122 122 120 119 119 117 117 114 113 111 107 107 103 100 
camera 102 61 65 66 68 69 70 71 74 74 76 77 78 77 78 79 79 78 80 81 82 82 82 71 57 51 57 88 124 135 138 139 140 143 143 145 145 146 148 147 150 151 152 153 155 156 156 157 158 161 162 163 164 164 165 168 168 169 168 169 168 167 166 165 165 162 162 162 160 158 158 158 155 155 155 155 153 153 152 150 148 149 146 147 146 147 147 147 149 149 148 148 147 146 146 146 145 144 142 142 141 139 137 138 135 135 132 131 130 128 128 127 126 123 124 123 121 120 120 118 117 114 114 112 109 107 103 100 
camera 105 65 68 70 72 73 76 75 76 77 79 80 82 81 82 83 84 84 87 86 87 89 90 91 92 83 66 56 58 84 130 149 151 154 155 156 158 159 159 160 162 163 165 166 168 169 169 171 172 175 175 176 178 179 178 180 180 181 180 180 179 179 178 176 176 174 174 173 172 171 170 170 167 168 167 167 164 165 163 161 159 160 156 159 158 160 160 160 160 160 159 159 159 158 156 157 156 155 153 151 150 147 146 145 142 142 140 140 139 138 136 136 135 132 132 131 129 128 127 126 125 122 122 119 115 114 110 107 
camera 104 66 69 71 74 73 76 76 78 78 80 82 84 83 85 85 86 87 90 90 91 93 94 95 95 93 87 66 58 59 92 139 153 159 160 162 163 164 165 165 168 170 172 172 175 176 175 177 179 180 181 181 183 183 183 185 184 184 182 183 182 181 180 180 178 176 176 176 174 173 173 174 170 171 170 170 167 167 166 164 162 164 161 164 165 168 167 166 166 168 167 166 165 162 161 160 159 158 155 153 151 150 148 147 144 145 142 142 141 139 138 138 136 134 134 134 132 131 130 128 127 125 124 122 118 116 112 108 
camera 105 66 68 70 72 72 74 73 74 76 76 76 81 81 82 83 85 86 88 90 91 92 93 94 95 94 98 93 73 59 61 95 141 160 162 164 166 167 169 169 171 172 173 174 175 177 177 178 179 181 181 181 183 182 181 181 180 181 180 181 180 179 178 177 177 174 175 175 173 172 172 172 169 170 168 168 165 165 164 164 164 168 166 169 168 169 167 167 168 168 166 165 164 161 160 159 158 156 153 152 150 149 148 148 145 144 143 142 141 139 138 138 137 135 134 134 132 131 131 129 128 125 124 122 118 115 111 108 
camera 105 66 69 68 71 72 75 74 75 76 78 79 78 77 77 77 79 82 85 86 88 91 93 93 94 93 97 97 98 96 95 78 62 62 96 144 160 164 167 167 170 172 174 174 176 177 176 178 179 181 181 179 181 181 180 182 181 180 179 180 180 179 177 177 177 174 174 175 173 172 171 172 170 170 169 169 166 167 167 166 168 172 170 170 168 169 168 170 168 168 167 165 164 162 160 160 158 156 153 151 151 150 148 148 146 146 143 143 142 140 140 140 139 136 136 135 134 132 131 130 128 125 124 121 116 114 110 106 
camera 102 61 64 66 68 67 69 69 71 71 72 72 73 73 73 73 74 75 78 80 82 82 84 83 83 81 84 84 85 84 86 74 59 56 77 119 138 141 143 142 145 146 148 149 152 153 153 155 157 158 158 158 159 159 158 159 158 158 157 157 158 156 155 155 155 151 152 152 151 150 151 151 149 149 147 148 147 149 150 151 151 153 150 151 150 151 149 149 148 146 145 143 141 139 139 137 137 136 135 133 132 131 131 131 128 129 127 127 125 125 124 124 122 120 121 121 118 118 117 115 113 111 110 108 105 102 98 95 
camera 106 66 68 70 71 71 73 72 73 74 75 76 78 78 80 81 82 82 84 83 83 83 84 84 85 85 89 90 85 66 58 58 89 132 145 148 149 150 151 151 154 154 156 157 158 159 158 161 161 163 164 164 165 164 164 164 163 163 162 162 161 161 161 161 160 159 160 160 158 156 157 158 156 156 158 160 160 162 162 161 160 162 158 158 155 156 153 152 151 149 147 146 144 142 142 142 141 140 138 137 137 136 136 135 134 134 132 132 131 129 128 129 128 126 125 124 123 121 120 119 118 115 113 110 107 106 101 98 
camera 105 65 68 69 72 73 75 74 76 75 77 78 79 78 78 78 78 79 79 80 82 83 86 85 76 59 55 56 82 118 134 138 138 142 142 144 146 146 147 146 148 149 150 150 152 153 152 154 153 154 154 153 154 154 153 154 154 154 152 154 154 154 153 153 153 150 151 150 150 150 153 154 152 154 153 155 153 155 154 152 150 151 147 146 145 145 143 142 141 140 139 138 137 135 135 134 133 133 131 131 130 130 129 129 127 127 125 125 124 122 123 123 122 119 120 119 116 115 114 112 111 109 107 104 100 98 94 90 
camera 111 77 79 81 84 85 87 86 87 87 88 89 91 89 90 92 92 92 93 94 96 96 82 63 58 59 93 140 156 158 160 162 163 166 168 169 170 170 171 171 173 174 175 174 176 176 175 176 176 178 177 175 177 176 176 177 177 177 177 178 178 178 177 177 176 175 178 179 179 178 180 183 181 181 180 180 177 178 176 174 171 172 167 167 165 166 163 162 162 161 158 158 157 155 154 154 154 153 151 150 149 149 148 148 146 147 145 146 144 143 142 142 139 137 135 134 130 128 126 122 120 117 116 113 108 106 101 98 
camera 112 75 77 77 80 78 81 81 83 82 85 85 85 85 86 86 88 89 90 91 92 95 96 95 82 63 57 57 79 121 146 151 151 155 156 157 158 159 160 158 160 161 164 163 164 164 163 164 164 166 166 164 166 165 165 166 165 166 165 166 166 166 165 165 165 163 166 169 168 168 170 169 167 167 166 165 163 164 163 161 159 160 155 155 152 153 151 150 150 149 148 146 145 144 143 143 143 143 140 140 139 138 137 137 135 135 133 134 133 131 130 131 130 128 128 128 125 124 123 121 119 115 113 110 106 104 99 96 
camera 114 79 82 83 84 85 90 86 87 87 89 90 92 93 93 95 95 92 94 97 97 99 101 99 101 101 104 102 99 80 65 60 74 122 157 166 167 168 168 166 169 169 172 171 173 173 171 173 174 175 174 173 175 175 174 175 174 174 172 173 173 172 173 173 174 173 174 175 175 174 175 177 174 175 175 175 172 173 172 168 165 167 162 162 160 161 159 157 156 155 154 153 153 151 151 151 149 149 148 146 145 144 144 143 142 142 140 139 139 137 137 137 135 134 133 132 130 128 127 125 122 119 116 114 109 106 102 99 
camera 113 80 82 83 83 84 84 84 86 87 89 90 92 90 92 94 93 92 96 97 98 99 100 99 100 99 104 103 104 102 101 85 67 61 66 99 142 160 163 162 164 165 165 166 167 167 167 168 168 169 169 168 169 169 168 170 169 170 170 171 170 170 170 170 170 169 172 174 173 172 173 173 171 171 169 168 165 164 163 161 158 160 156 155 154 154 151 151 150 150 149 147 147 145 144 144 143 143 141 140 138 138 136 136 134 134 132 132 131 129 129 129 128 125 124 124 121 120 120 118 116 113 112 110 106 104 100 96 
camera 115 79 83 83 85 85 88 88 88 87 89 90 91 93 96 95 96 96 93 94 98 101 101 101 101 100 104 106 107 105 105 104 95 75 63 62 76 116 154 163 167 167 169 168 170 171 169 171 171 172 173 172 173 172 171 173 173 173 173 173 174 175 174 174 175 173 174 175 175 176 178 180 175 176 175 173 169 169 166 165 162 164 160 160 158 158 156 155 154 153 152 150 150 147 147 146 145 145 143 142 141 139 138 138 136 136 135 134 133 131 128 127 127 124 124 123 121 120 120 119 118 115 115 112 108 101 90 83 
camera 113 77 80 83 85 85 85 84 85 85 86 89 90 89 90 89 90 93 95 95 97 98 100 100 99 97 101 102 103 102 104 105 105 106 102 87 69 60 63 86 132 156 161 162 163 163 162 164 164 165 165 164 166 166 165 167 167 167 167 167 168 167 167 168 169 169 171 171 170 169 170 171 169 169 169 167 162 163 161 158 155 158 153 153 151 153 150 149 149 147 146 144 144 142 142 142 140 140 138 136 136 135 133 134 132 132 129 130 129 126 125 123 122 120 120 119 117 116 116 115 114 112 111 109 106 104 100 97 
camera 114 79 84 85 87 87 91 92 96 95 96 96 95 96 95 97 99 100 101 102 104 105 106 103 104 103 108 108 109 107 108 107 107 109 109 109 109 104 88 68 62 66 101 146 166 169 167 168 168 170 170 169 171 170 170 171 171 171 171 172 172 173 173 174 175 175 177 177 175 174 175 176 172 172 171 170 166 165 163 161 159 160 156 156 154 155 153 152 152 151 150 148 147 145 144 144 143 142 141 140 139 137 135 133 132 131 130 130 128 127 126 127 125 122 122 122 121 120 119 118 116 115 114 111 108 106 101 95 
camera 110 71 73 73 76 78 81 80 82 81 82 81 82 84 85 84 84 83 85 86 87 90 92 90 92 90 92 93 96 94 96 95 97 99 99 97 88 68 59 56 76 117 143 147 149 148 147 149 149 150 150 150 151 150 150 152 152 152 151 152 152 152 152 152 152 149 149 149 149 148 150 153 153 156 155 154 152 151 149 146 144 145 141 141 139 140 139 138 138 137 136 134 133 132 130 127 125 124 123 122 122 121 120 120 119 119 117 117 116 114 114 114 113 111 110 109 108 103 97 93 93 92 91 90 87 85 82 80 
camera 109 73 76 78 81 81 82 81 82 82 83 84 86 85 86 88 89 89 90 90 90 92 95 95 95 94 98 100 101 101 104 103 91 69 59 58 61 87 134 155 161 162 163 163 165 166 165 166 167 168 168 168 169 169 168 169 169 168 167 167 166 165 164 165 165 164 166 167 167 167 169 170 167 168 167 169 167 167 166 164 161 163 158 158 155 155 154 153 153 152 150 148 148 146 145 141 139 137 136 134 134 134 133 132 131 131 129 129 128 125 125 125 124 123 122 121 119 118 117 116 114 110 106 99 95 92 89 87 
camera 107 71 74 76 78 79 80 80 82 81 81 81 82 81 83 83 84 84 87 88 89 90 92 93 93 92 98 98 91 71 59 55 56 56 71 112 145 154 158 156 160 161 163 163 164 165 164 165 164 165 163 161 163 162 161 161 161 162 162 163 164 164 165 165 166 165 168 170 170 170 171 173 170 169 166 166 163 162 161 159 158 159 155 155 152 154 152 150 150 149 147 146 146 144 144 143 140 137 134 133 132 132 130 130 128 129 127 127 125 124 123 123 122 120 119 119 117 117 116 115 113 112 111 109 106 104 100 96 
camera 106 69 72 74 77 76 78 78 79 78 79 78 80 79 80 81 82 82 84 86 86 88 91 91 92 92 92 75 60 53 54 54 62 99 135 148 151 151 153 153 156 157 158 158 159 160 160 160 159 158 157 156 158 156 155 157 158 158 158 160 161 161 161 161 162 161 162 163 163 163 165 165 162 163 162 161 158 159 158 154 152 153 149 149 147 148 146 145 143 140 136 133 133 131 131 131 130 130 129 128 127 127 126 126 124 124 122 122 121 119 118 118 118 116 116 114 109 104 99 96 94 92 93 92 90 88 86 83 
camera 112 75 79 80 82 83 86 85 86 85 86 86 87 86 87 87 87 89 90 92 93 96 99 99 99 97 89 68 58 56 57 59 81 130 159 166 168 168 170 170 173 174 177 176 179 180 178 179 178 178 178 176 176 175 174 176 176 177 177 179 179 180 179 180 181 180 181 182 181 181 183 186 183 183 182 182 179 180 178 175 173 173 167 167 165 165 163 161 158 153 148 146 146 145 145 144 145 144 143 142 141 141 140 140 138 139 136 136 134 133 132 132 131 128 128 126 121 114 109 105 104 102 103 101 99 97 93 90 
camera 103 65 67 69 71 71 73 72 74 74 76 76 78 78 79 80 81 82 83 84 84 84 86 86 86 83 87 88 90 90 93 86 69 56 55 54 56 64 97 131 147 150 153 154 157 158 158 159 160 162 162 161 162 161 159 159 158 157 156 157 157 156 156 156 158 156 158 158 158 158 160 161 160 162 162 164 164 165 166 165 162 164 160 159 155 154 152 152 149 148 146 145 145 142 142 140 137 133 131 129 128 128 127 128 125 126 123 124 123 122 121 122 120 118 117 117 116 114 115 113 112 109 109 107 104 103 98 94 
camera 105 64 66 67 70 72 72 70 72 73 74 75 77 76 77 78 78 79 81 82 82 84 86 86 86 85 89 88 90 90 93 94 94 95 96 97 98 96 86 69 59 56 58 58 71 105 139 158 163 166 167 167 170 171 171 173 174 173 173 173 173 173 172 172 172 170 170 170 168 167 166 167 165 165 164 166 164 166 166 167 166 171 169 171 169 171 170 170 168 168 166 163 161 158 156 154 153 152 150 148 146 146 146 146 143 143 140 137 135 132 130 130 129 127 127 126 124 124 123 123 122 120 119 116 113 111 107 104 
camera 100 57 60 60 62 62 65 64 65 64 66 66 69 70 71 70 71 70 71 72 74 75 77 76 76 74 77 78 79 78 80 79 80 82 83 84 86 85 87 87 85 74 63 54 53 52 54 59 80 111 132 140 144 144 145 148 148 149 149 151 152 153 152 152 152 150 150 151 149 148 149 150 147 147 147 147 146 147 147 144 143 146 143 145 144 147 147 148 147 148 148 146 145 143 142 142 142 140 138 136 136 135 133 131 129 128 126 126 125 124 123 122 121 120 119 118 116 115 115 112 110 108 107 105 102 101 98 95 
camera 101 59 61 62 65 65 68 68 70 69 71 71 72 72 73 73 74 75 77 78 76 78 79 78 80 78 80 80 83 81 83 84 84 86 87 88 89 89 91 90 92 93 93 92 86 73 62 55 56 55 57 61 81 112 139 154 158 160 161 163 165 165 165 166 167 166 167 168 167 165 165 166 164 165 164 165 163 165 164 163 161 164 160 161 159 161 159 159 160 161 160 160 161 159 158 159 158 157 154 153 152 152 151 151 148 148 145 144 142 141 139 139 137 134 134 134 131 130 129 129 127 124 123 121 117 116 112 108 
camera 102 59 61 63 66 65 67 66 68 69 69 70 72 72 73 73 74 75 77 78 79 79 81 81 81 80 82 82 83 82 83 82 82 84 84 85 85 85 86 86 90 92 93 93 95 95 94 87 75 63 57 55 56 56 58 65 86 116 142 158 163 166 167 169 168 168 169 170 168 167 169 171 168 169 169 169 168 170 170 168 167 169 165 166 165 166 164 164 164 165 163 162 162 160 161 162 161 162 160 160 159 158 158 158 154 154 152 152 151 148 147 148 146 144 143 142 139 138 137 135 135 132 130 127 124 121 116 113 
camera 95 51 54 55 58 58 60 59 61 61 62 62 63 62 65 66 67 67 68 68 69 71 72 71 72 70 72 72 73 72 74 73 75 75 75 74 76 76 77 77 79 79 80 80 81 82 83 83 84 84 80 69 60 53 52 51 52 52 55 62 82 106 126 137 142 142 145 146 145 144 147 147 145 145 144 146 145 146 147 146 144 146 143 144 142 144 143 141 142 142 141 140 140 138 139 139 138 138 137 137 137 136 136 137 136 135 133 133 132 131 131 131 129 126 127 126 125 124 123 122 121 119 117 115 111 110 106 102 
camera 94 50 54 56 60 61 64 64 66 66 66 66 67 66 67 68 70 71 72 72 73 74 74 75 76 75 78 77 78 77 79 78 78 78 77 78 80 80 82 82 84 84 86 85 87 89 89 89 89 89 91 88 82 70 60 55 54 54 55 55 58 69 91 118 139 149 154 157 156 156 158 159 156 156 155 156 156 159 158 156 155 158 154 155 154 155 154 154 153 154 152 151 151 150 149 150 149 148 147 148 147 147 146 148 146 147 144 144 143 142 141 141 140 137 137 137 134 133 133 132 132 129 127 125 121 118 113 110 
camera 95 51 54 56 60 62 66 65 67 68 69 68 70 69 69 69 71 72 74 74 75 76 77 76 77 76 79 79 81 80 82 81 81 81 79 80 82 83 84 84 87 87 89 89 91 92 91 92 93 93 95 95 96 90 78 65 58 55 56 55 57 58 71 95 126 146 158 162 161 160 161 162 159 160 160 161 160 161 162 161 159 162 158 159 158 160 158 157 157 158 155 155 155 153 153 153 153 154 153 153 152 152 152 153 151 151 148 149 148 145 144 145 143 141 140 140 138 137 136 135 133 130 129 127 121 120 115 112 
camera 95 52 56 59 64 63 65 66 68 68 69 69 71 70 71 71 73 74 76 75 76 77 77 77 79 78 81 80 81 81 82 82 83 82 82 83 85 85 87 87 89 90 91 92 93 93 93 94 96 97 98 98 100 96 84 69 59 56 56 56 58 62 83 117 147 158 163 164 163 162 163 163 161 162 162 163 162 164 164 162 161 164 161 162 160 161 160 159 159 159 159 158 158 156 157 158 159 159 158 156 155 156 155 154 152 153 150 149 147 146 145 145 143 140 139 139 137 135 134 132 131 129 128 125 121 119 115 111 
camera 96 56 60 61 62 63 65 65 67 67 68 69 68 68 70 71 72 73 74 74 75 77 78 78 79 76 78 77 78 77 78 78 79 80 81 82 84 84 86 85 87 87 89 89 90 91 91 92 94 97 98 98 95 80 65 57 56 56 56 60 83 119 147 156 159 158 158 159 157 156 159 160 157 158 159 159 158 160 160 159 158 160 156 158 156 157 156 156 156 157 158 156 157 154 156 155 155 155 153 152 152 152 150 151 148 148 145 144 142 140 138 138 136 134 133 133 131 129 128 127 126 124 122 120 117 115 111 107 
camera 98 58 61 60 64 65 66 65 67 67 68 69 71 70 72 72 72 73 74 75 75 76 77 77 76 75 78 78 79 79 80 79 78 80 82 83 85 85 86 86 89 89 89 88 90 92 93 96 97 100 97 81 64 56 56 55 57 69 105 141 155 157 157 159 158 156 157 158 158 156 158 160 157 158 159 159 158 160 160 158 157 160 156 157 155 158 158 159 158 159 159 158 158 155 155 155 154 154 152 152 150 149 149 147 143 144 141 140 138 136 135 135 132 129 130 129 128 126 125 125 124 122 120 119 115 113 109 106 
camera 99 56 58 59 61 61 63 63 64 64 65 65 67 67 68 68 69 70 72 72 72 73 75 74 75 73 75 75 75 76 77 76 77 79 79 79 80 80 81 81 84 85 86 86 89 91 93 95 95 84 67 55 54 53 55 69 106 135 144 147 148 148 147 147 148 147 148 149 148 148 149 150 148 149 148 149 147 148 148 147 146 149 147 149 149 150 150 151 151 150 148 146 147 145 145 144 144 143 141 138 137 135 135 135 132 131 129 128 127 125 124 124 122 121 120 120 118 118 117 116 115 113 112 110 107 105 101 98 
camera 100 58 61 61 63 63 66 66 67 67 68 68 69 68 70 70 71 71 72 72 72 71 74 74 74 73 75 75 76 76 78 77 78 79 81 83 85 85 87 87 91 91 92 92 95 91 73 57 54 54 55 66 105 135 142 145 146 146 146 147 148 148 148 148 149 147 148 149 148 147 148 147 146 145 145 146 145 147 149 150 150 153 151 151 150 150 148 148 148 148 147 145 144 142 140 140 138 137 135 134 133 132 131 131 130 129 127 127 126 123 123 123 122 120 119 119 117 116 115 112 110 108 107 105 102 101 97 94 
camera 104 65 67 68 69 71 73 71 72 72 74 75 76 75 77 78 78 79 80 80 81 82 84 83 83 84 87 88 90 91 92 92 94 96 97 98 99 100 103 104 106 101 80 61 58 58 60 87 133 157 162 162 165 165 164 166 167 167 167 168 169 169 169 170 169 167 168 168 166 164 165 165 164 166 168 172 173 175 174 172 171 173 170 170 168 168 166 165 163 162 159 157 157 154 153 152 152 151 149 148 147 146 145 145 143 142 140 140 138 135 132 130 129 125 125 126 123 123 122 121 120 118 117 115 112 111 106 103 
camera 106 67 70 71 72 73 75 76 77 77 77 79 79 80 81 82 83 83 85 86 86 88 89 89 91 90 95 96 98 98 100 100 102 103 107 109 101 76 61 57 59 67 110 149 161 164 163 166 166 168 168 168 169 168 168 170 170 170 170 171 171 171 170 170 169 166 167 167 167 168 172 174 174 175 176 176 173 175 175 173 171 171 166 166 163 163 161 160 160 159 158 156 156 154 153 153 152 152 150 148 143 139 136 136 134 134 133 132 132 130 129 129 128 125 125 123 122 122 122 120 120 117 116 115 111 109 105 100 
camera 102 64 67 67 70 71 72 72 74 74 76 76 77 76 77 78 79 80 82 83 83 84 86 87 88 86 90 91 94 93 93 78 60 54 54 56 85 124 139 140 142 142 144 144 146 146 146 147 146 148 148 148 149 149 149 150 150 149 149 149 149 149 148 148 150 149 154 156 156 155 158 158 156 155 154 154 153 153 152 150 147 149 146 146 143 144 143 143 142 141 140 140 138 133 128 124 124 123 122 121 120 120 119 120 118 117 116 116 115 113 114 113 112 110 110 110 108 106 101 94 92 91 92 91 89 88 85 83 
camera 107 68 71 72 74 74 76 77 78 78 79 79 80 79 80 80 81 83 85 86 87 88 88 89 90 82 66 54 53 53 70 113 135 140 142 142 144 144 145 144 146 146 147 147 149 150 148 150 149 151 151 150 153 152 151 152 152 151 149 150 151 153 155 158 160 159 160 161 159 158 158 158 155 155 154 154 152 152 151 149 147 149 145 145 145 145 144 143 142 138 132 127 126 124 124 124 123 122 121 120 119 119 118 118 117 117 115 114 114 112 112 112 107 98 92 91 92 94 95 94 93 91 90 88 86 84 80 77 
camera 106 69 71 73 76 76 78 76 77 77 80 81 83 83 83 84 84 85 86 79 61 52 53 53 79 116 134 137 138 138 140 141 141 144 145 146 146 146 147 146 148 148 148 148 149 150 149 151 151 152 152 152 153 152 150 150 150 150 152 155 157 159 159 160 160 158 158 159 156 154 153 152 149 149 149 149 147 149 147 146 145 147 143 143 142 142 134 129 128 127 126 125 124 122 122 122 121 121 120 119 118 118 117 117 115 114 107 91 76 68 65 59 53 48 48 48 51 58 73 83 86 83 83 80 78 76 73 70 
camera 107 70 72 74 76 77 79 79 81 82 82 82 83 83 84 82 65 53 52 53 76 116 132 134 134 133 139 139 139 139 142 142 143 145 145 146 146 146 146 144 146 147 148 148 149 149 149 150 150 151 152 152 153 152 151 151 152 154 155 158 160 161 162 162 161 158 158 158 156 153 154 154 151 150 150 151 149 150 149 148 146 148 144 144 143 139 131 128 128 128 127 126 126 123 122 122 122 121 120 119 118 118 117 117 115 109 98 91 90 88 85 78 68 55 50 47 48 51 60 74 83 84 83 80 78 76 74 71 
camera 113 81 84 87 90 90 92 92 93 93 96 90 70 56 55 57 91 134 147 150 151 154 155 155 156 154 160 162 163 162 163 165 165 167 167 168 168 168 169 168 170 170 171 171 173 173 173 174 175 176 176 176 178 178 178 180 183 185 184 186 187 188 187 186 185 184 184 183 180 178 178 179 175 175 175 176 173 174 173 172 171 173 169 169 167 164 153 147 147 146 144 143 143 141 141 140 140 139 138 136 136 135 134 135 132 131 117 94 81 76 70 62 56 51 51 51 56 69 85 96 98 97 96 93 89 87 84 81 
camera 113 77 80 83 86 86 88 88 87 69 56 53 55 81 121 134 135 137 139 139 140 143 145 145 144 143 148 150 150 149 150 151 151 153 153 154 154 155 156 154 157 156 158 157 160 161 159 160 161 163 164 164 165 165 167 168 167 169 170 172 172 173 172 172 171 168 169 168 166 164 164 165 162 162 161 161 160 161 160 159 157 159 156 156 154 155 153 152 146 138 135 133 132 130 130 130 129 129 128 127 125 125 124 124 123 123 122 120 120 118 117 112 103 98 99 99 99 98 98 97 97 95 93 91 87 86 83 80 
camera 115 81 84 86 88 90 89 70 57 54 57 87 127 136 139 141 140 141 143 144 144 147 149 149 149 147 153 153 153 152 154 155 154 157 157 158 159 158 159 158 159 160 161 161 163 163 162 164 164 166 167 167 169 169 170 174 173 173 174 176 177 177 176 176 175 172 172 171 169 168 167 167 164 165 164 165 162 164 163 162 160 163 158 159 158 159 156 156 155 154 150 141 137 135 134 134 133 132 131 130 129 129 128 129 127 127 125 125 125 122 121 120 120 117 112 105 102 99 99 98 99 97 97 96 92 90 87 85 
camera 111 74 77 78 80 80 80 65 54 50 53 81 116 124 125 127 128 129 130 132 132 134 135 135 135 133 138 138 138 138 139 140 140 142 141 142 143 142 142 141 143 143 144 144 145 146 145 146 147 148 149 148 150 150 150 153 154 156 155 156 158 158 158 159 158 154 155 154 152 150 149 149 147 147 147 147 145 147 146 145 143 145 141 142 141 141 140 139 139 139 137 136 135 132 127 123 122 121 120 119 118 118 117 118 116 116 115 115 114 112 111 111 110 109 109 108 107 105 102 99 98 90 88 87 84 83 81 80 
camera 115 81 85 88 90 91 94 90 76 58 57 57 87 129 145 148 147 149 151 153 154 157 158 158 158 154 161 161 161 161 162 164 164 167 167 167 167 168 168 167 168 169 170 170 171 171 170 171 172 174 174 173 175 175 175 176 177 179 180 184 185 185 184 185 186 185 185 184 181 180 179 179 174 174 172 173 171 172 170 169 168 170 165 166 164 166 164 163 163 162 161 159 159 156 155 154 153 153 149 144 140 139 138 137 135 136 134 133 133 131 130 130 129 127 127 127 124 124 124 122 120 118 117 115 111 110 107 101 
camera 110 71 74 75 77 77 79 78 80 72 58 51 51 57 90 118 124 127 129 130 130 132 134 133 134 132 138 138 139 138 141 142 142 145 145 145 146 146 148 146 148 148 149 148 150 150 149 150 150 151 151 151 152 151 152 153 154 154 154 155 155 156 156 158 158 156 159 160 159 159 160 159 156 155 154 154 152 152 151 149 147 149 145 145 144 144 143 143 142 141 140 138 138 135 135 135 134 133 132 131 129 128 127 127 125 125 123 122 120 117 116 115 115 113 112 112 111 110 110 109 108 106 105 103 100 98 95 93 
camera 110 72 75 76 79 79 81 79 82 81 82 82 72 57 52 52 58 93 124 133 135 138 139 139 139 138 144 145 146 145 147 149 149 153 153 155 156 157 159 157 159 160 161 161 163 163 161 162 163 164 163 163 165 164 164 165 166 166 166 167 168 169 168 169 168 167 170 170 170 169 171 173 171 172 171 171 169 169 167 165 162 164 159 159 157 158 156 155 154 153 152 150 149 146 146 145 143 143 142 140 138 138 136 136 134 133 131 130 129 128 126 127 125 122 121 122 119 119 118 118 117 115 114 112 109 107 103 100 
camera 107 68 71 71 74 74 76 77 77 77 79 79 79 79 78 71 58 52 52 56 86 118 131 133 133 131 137 139 139 139 141 142 142 146 146 148 149 149 152 152 154 155 156 157 159 160 159 160 160 160 160 159 161 161 161 162 162 162 162 163 164 164 164 164 165 163 165 165 164 165 167 169 167 169 170 171 168 169 169 167 164 165 160 159 157 158 155 155 153 153 152 150 150 147 147 146 145 143 141 140 139 138 136 135 133 133 131 130 129 127 126 127 125 123 123 123 120 120 119 118 117 115 115 113 109 108 104 101 
camera 106 67 69 69 72 71 73 73 74 74 76 76 77 77 78 79 80 79 72 58 53 52 56 78 112 125 133 134 135 135 137 139 139 142 143 144 146 146 148 147 150 152 154 155 156 158 158 159 160 162 162 160 162 161 160 161 161 162 162 163 163 164 164 164 164 163 165 166 164 163 165 169 168 168 169 173 172 174 173 172 170 172 167 167 164 164 161 160 159 158 155 154 154 152 151 150 148 147 146 144 143 142 141 141 138 137 136 136 134 133 132 131 130 129 128 128 125 125 125 123 123 120 119 117 114 112 109 105 
camera 100 58 61 61 64 64 65 63 65 65 66 66 67 68 69 68 68 68 71 71 72 68 58 50 49 49 58 84 107 112 114 115 116 118 118 120 121 121 123 123 126 127 129 129 131 132 133 134 134 136 137 136 138 137 137 137 137 138 137 138 139 139 139 140 140 139 141 142 141 140 141 142 142 142 143 146 147 149 149 149 148 150 145 145 144 144 141 140 139 138 136 134 133 132 132 131 130 130 128 127 125 125 124 123 122 122 120 120 119 118 117 117 116 114 113 113 111 110 111 109 109 107 106 104 101 100 96 93 
camera 102 61 64 64 66 67 68 67 70 68 69 69 71 70 71 71 73 73 74 73 74 76 77 77 76 66 56 51 51 53 74 107 122 126 127 129 131 131 133 133 136 137 140 140 143 144 144 146 147 149 150 149 150 150 150 151 151 151 151 151 152 153 153 153 154 152 154 154 154 153 155 156 154 156 157 160 161 164 165 165 163 166 162 162 160 160 156 154 153 151 149 147 147 145 144 143 143 142 141 139 138 137 136 137 134 134 132 132 130 128 128 129 127 125 125 125 124 122 122 120 120 117 117 115 111 110 105 102 
camera 101 62 64 65 66 65 67 67 68 68 69 68 70 69 69 69 70 71 73 74 75 76 78 77 79 78 80 79 69 55 53 52 55 79 112 126 130 132 134 134 137 138 141 142 144 146 146 147 148 150 150 150 151 151 151 151 151 152 152 154 155 154 154 155 155 154 155 156 156 155 157 158 156 158 161 163 163 167 168 166 164 167 162 163 161 161 158 156 154 151 150 148 147 146 145 145 143 143 141 140 139 139 137 138 135 135 133 133 132 131 130 130 129 127 127 127 124 123 124 123 122 119 118 116 113 112 107 104 
camera 98 56 58 59 62 60 62 61 62 61 62 62 63 63 63 64 65 65 66 67 68 69 71 71 73 72 74 74 74 72 63 52 50 49 54 76 105 114 117 116 119 121 123 123 127 127 128 129 130 131 131 131 132 131 131 132 132 132 133 134 134 135 135 135 136 134 136 137 136 134 136 138 138 140 141 143 143 145 145 143 142 144 140 139 138 137 135 134 132 131 130 128 128 126 126 125 124 123 122 121 121 120 120 120 118 118 116 116 116 113 113 113 113 111 111 111 109 108 108 107 107 105 104 103 99 97 95 92 
camera 102 61 64 66 67 67 68 68 69 69 69 69 71 71 71 72 73 75 76 77 78 79 80 79 79 79 82 83 84 83 81 67 55 53 54 58 90 121 130 131 134 135 137 138 141 143 142 144 145 146 145 145 147 146 146 147 148 148 149 150 150 151 151 151 152 151 152 153 152 152 155 157 156 158 158 160 159 160 160 159 156 158 152 152 150 150 148 146 145 144 143 141 141 139 138 138 137 137 136 135 134 133 132 133 130 130 129 128 128 125 125 126 125 122 122 122 120 119 118 117 117 115 114 112 109 107 103 100 
camera 101 59 63 63 65 65 67 66 67 68 70 70 71 70 71 71 72 73 75 75 76 78 79 79 79 78 81 81 84 83 83 70 55 51 52 55 83 114 125 125 128 129 131 131 134 135 135 136 136 136 137 136 138 137 137 139 139 139 139 140 141 142 142 142 143 142 144 145 146 146 148 149 148 148 149 149 148 149 148 147 144 145 141 142 140 140 138 137 136 136 134 133 132 130 131 131 130 130 128 127 127 126 125 125 123 123 122 121 120 118 117 116 115 113 114 114 112 111 112 111 110 108 108 106 102 101 97 93 
camera 103 63 67 67 69 70 72 71 74 73 75 75 77 76 76 77 78 79 81 82 83 84 86 86 87 86 89 89 91 90 77 57 53 52 57 89 124 132 135 134 136 137 138 139 140 140 140 140 141 142 142 142 145 144 143 145 145 146 146 149 149 149 150 151 153 153 155 156 156 155 156 157 154 155 154 155 153 153 152 149 148 150 145 145 143 144 142 141 141 141 140 138 138 137 137 137 136 136 135 134 133 132 130 131 128 127 123 123 123 121 120 120 120 118 117 117 115 115 115 114 112 110 110 109 105 103 100 97 
camera 103 66 68 70 73 73 75 75 77 77 79 77 79 78 79 79 79 81 84 85 86 87 90 90 91 90 94 93 91 70 56 52 53 61 102 130 135 135 136 135 137 137 138 138 139 140 139 139 140 142 142 141 143 143 144 145 145 146 146 147 149 151 152 153 153 152 154 154 153 152 153 154 150 150 149 148 146 147 147 145 142 144 140 140 139 140 139 138 138 138 137 137 137 135 135 135 134 133 131 130 129 128 125 124 121 122 120 120 119 117 117 117 116 114 114 113 112 112 111 110 110 107 107 105 102 101 97 95 
camera 105 68 72 73 76 76 79 78 79 79 81 82 83 83 84 84 84 85 87 88 88 90 92 92 92 91 92 77 58 53 54 57 95 129 135 137 137 136 137 136 138 138 139 138 140 140 140 141 141 143 143 142 144 144 144 146 147 148 149 152 154 154 154 154 154 152 152 153 151 149 150 150 146 145 144 144 142 144 143 141 139 141 138 138 137 138 137 137 137 136 136 134 134 133 132 132 131 130 128 128 125 122 121 121 120 120 118 118 117 116 116 116 115 113 113 112 111 111 110 109 108 107 106 104 101 100 97 96 
camera 109 73 74 76 78 78 79 78 79 79 81 81 81 81 82 84 85 87 88 87 88 89 90 88 75 56 53 52 60 102 130 135 134 136 136 136 136 136 136 135 136 136 137 137 139 139 139 140 140 142 142 142 144 144 144 146 148 149 150 150 151 152 151 150 150 147 148 148 146 144 144 143 140 140 139 139 138 138 139 137 136 138 135 135 134 134 133 132 132 131 130 128 128 125 125 124 124 123 122 120 120 119 118 119 117 117 116 116 115 113 113 113 113 110 111 111 109 108 108 107 106 105 108 111 108 107 103 99 
camera 114 78 81 82 83 84 86 84 86 87 89 90 92 91 92 92 93 96 99 98 83 61 56 56 66 112 147 150 151 149 150 152 150 152 151 151 152 152 153 151 153 153 154 153 155 155 154 156 156 158 159 158 160 161 162 165 165 166 165 166 165 165 165 164 163 160 160 159 156 153 154 154 152 152 152 152 151 151 151 150 149 151 147 147 146 148 146 146 145 144 143 142 143 140 138 136 135 134 132 132 131 130 130 130 128 128 127 127 125 123 123 124 122 120 120 120 118 119 125 128 127 123 120 115 108 105 100 97 
camera 111 75 78 80 82 81 83 83 85 85 87 88 89 90 91 92 90 77 59 53 54 64 115 141 144 141 145 144 144 143 144 144 143 145 145 146 147 147 147 145 146 147 147 147 148 148 147 148 148 150 150 151 154 155 155 156 155 156 156 155 155 155 154 153 152 148 148 148 147 145 146 147 144 144 144 144 143 144 144 142 141 142 139 139 138 139 138 138 137 137 135 135 133 129 128 127 127 126 124 124 123 122 122 122 120 120 119 119 118 116 116 116 115 114 114 113 117 120 120 118 114 109 103 100 96 94 89 86 
camera 112 76 77 79 80 82 83 83 86 87 90 89 90 90 91 80 60 53 54 63 110 140 146 146 145 142 146 145 146 144 145 147 146 149 149 150 150 150 150 149 151 150 151 151 152 152 151 152 152 154 155 155 158 159 159 160 161 161 161 161 160 157 156 156 156 152 153 152 150 148 149 150 147 148 146 147 145 146 146 144 143 145 142 142 141 142 141 140 140 139 138 136 134 130 129 129 128 128 126 125 124 124 123 123 122 121 120 120 120 118 118 118 116 114 115 118 121 122 120 115 111 105 101 97 93 67 52 49 
camera 108 73 76 77 79 80 81 80 82 83 85 85 86 79 61 52 53 58 100 131 136 139 140 140 139 136 139 140 139 138 139 140 140 142 142 142 143 143 143 142 143 143 144 144 145 146 146 147 148 150 150 151 154 154 154 157 156 156 155 155 155 155 153 152 152 149 149 149 147 145 146 146 144 144 143 143 141 143 143 141 140 142 139 140 139 140 138 137 136 136 135 133 130 126 125 125 124 123 123 121 121 120 120 120 118 118 117 117 117 115 115 115 114 112 114 119 118 117 113 109 106 99 94 63 51 49 49 47 
camera 109 73 76 79 81 80 83 83 85 84 85 86 87 80 62 53 53 56 91 126 134 137 138 138 138 134 138 137 138 136 137 137 136 139 139 139 140 139 140 138 140 139 141 140 140 141 141 142 142 144 145 146 148 149 149 151 152 152 151 151 151 150 149 148 147 145 146 146 144 142 143 144 142 142 142 142 141 143 143 142 141 142 140 141 139 140 139 138 138 138 136 134 131 127 125 124 124 124 123 122 121 121 120 120 118 118 117 116 116 114 114 114 113 111 111 114 118 118 117 114 110 105 100 93 78 52 49 48 
camera 110 74 76 77 81 81 82 83 85 85 86 85 87 87 87 84 68 55 54 54 79 121 136 138 138 135 141 141 140 139 139 139 137 139 139 139 139 139 139 137 139 138 139 138 139 138 137 138 138 139 139 139 142 143 144 144 146 146 146 146 145 144 143 142 142 140 140 140 139 138 137 138 137 136 136 136 135 136 136 134 133 135 133 134 132 133 133 132 132 132 131 130 130 128 127 124 123 122 121 121 119 119 119 119 117 118 116 116 115 113 113 114 112 111 111 110 109 109 112 116 115 113 112 107 102 98 91 87 
camera 111 75 77 79 81 80 82 83 85 84 85 86 88 88 88 89 90 90 91 85 67 55 55 58 92 129 144 145 146 145 147 148 147 148 147 146 147 146 146 144 146 145 146 146 146 147 146 147 147 147 148 146 147 145 145 148 148 149 148 148 148 147 146 146 145 142 142 142 140 138 139 140 138 138 137 137 136 137 137 135 134 136 133 133 132 133 132 132 132 130 129 128 129 127 126 125 125 125 123 122 120 121 120 120 119 119 117 117 116 115 115 115 113 112 112 111 110 109 109 108 108 105 107 109 107 105 101 98 
camera 111 76 78 81 82 82 84 84 85 84 86 87 88 87 89 90 91 91 94 95 95 95 95 78 61 55 57 73 120 145 151 153 153 156 156 157 156 156 155 153 154 154 155 154 155 155 153 154 154 155 155 155 156 155 155 156 156 156 156 160 161 162 161 159 157 154 152 151 149 148 148 149 145 145 145 144 143 143 142 141 139 141 137 137 136 137 136 135 134 134 133 132 131 130 129 130 129 128 127 125 124 124 123 122 121 122 120 120 119 118 117 117 116 114 114 114 113 112 112 110 110 108 107 105 102 101 98 96 
