4 77 76 75 61 54 53 59 101 125 132 134 135 136 134 139 140 141 141 143 144 145 148 149 150 151 150 149 151 154 156 158 158 161 163 163 165 166 168 169 169 171 171 172 175 176 177 178 181 182 183 184 185 185 184 185 186 184 183 184 186 183 184 184 185 183 185 185 183 181 184 180 181 179 181 180 180 181 182 181 180 180 178 178 177 176 176 173 172 171 172 172 174 172 172 170 169 167 165 163 163 161 158 157 156 152 135 81 65 64 65 86 95 96 96 93 91 
camera 104 66 68 70 72 72 75 75 77 77 77 77 80 79 78 64 56 55 61 106 132 139 141 141 143 141 147 147 148 148 150 152 152 156 157 158 159 159 158 159 163 164 167 168 170 172 171 174 176 178 179 179 181 181 182 186 186 188 188 192 193 194 195 196 197 195 197 198 195 195 196 198 195 196 196 197 195 196 196 194 192 195 190 191 189 191 190 191 190 192 191 190 191 189 188 187 186 185 182 181 180 181 181 183 180 181 178 178 175 174 172 172 169 166 165 165 161 142 84 68 66 68 90 99 101 101 97 95 
camera 103 65 67 68 71 71 73 73 75 75 75 76 78 78 77 62 55 55 60 104 129 135 137 139 139 138 143 144 145 144 147 148 148 152 153 154 155 153 153 155 159 160 163 163 165 167 168 170 171 174 174 174 176 177 177 181 181 183 183 187 188 188 190 191 192 191 192 192 191 189 191 192 191 191 190 191 189 191 191 190 186 189 185 186 184 186 185 185 185 186 186 185 185 184 183 183 181 180 177 177 176 176 176 178 176 176 174 173 171 169 167 167 165 163 160 161 156 138 83 66 65 66 87 97 98 98 96 93 
camera 105 66 68 70 72 72 74 75 76 76 76 77 80 79 79 63 56 55 61 106 133 139 141 142 143 141 146 147 149 149 151 153 153 156 157 159 160 159 158 160 164 165 167 168 170 172 172 175 176 179 179 179 182 182 182 185 186 188 189 192 193 195 194 196 197 196 197 197 196 195 196 197 195 196 196 197 195 196 196 195 192 195 191 192 190 192 191 192 192 193 192 192 191 189 189 189 186 186 183 183 181 182 183 185 182 182 179 179 176 175 173 173 170 167 166 166 162 143 85 67 66 68 90 100 101 101 98 96 
camera 103 63 66 67 69 69 71 71 73 73 74 74 77 76 75 61 54 53 59 101 125 132 134 135 136 134 139 140 141 141 143 144 145 148 149 149 151 150 149 151 154 155 158 159 161 162 163 165 166 169 169 170 171 172 173 175 176 178 178 181 182 183 184 185 185 184 186 186 184 183 185 186 184 184 184 185 183 185 185 183 181 183 180 181 179 181 180 180 181 181 181 180 180 179 178 178 176 176 173 173 172 172 172 174 172 173 170 169 166 165 164 163 161 158 157 156 153 136 81 65 64 65 86 95 96 96 93 91 
camera 105 66 69 70 72 72 75 74 77 76 77 78 80 79 78 64 57 56 62 107 133 139 141 142 142 141 147 147 149 149 151 152 153 156 156 158 160 159 158 160 163 165 167 168 170 172 172 174 176 179 179 179 181 182 183 186 186 188 189 192 194 194 195 196 197 196 198 198 196 195 196 199 196 196 196 197 195 197 197 195 192 195 191 192 190 191 191 191 191 192 191 191 191 188 187 188 186 185 182 182 181 181 181 183 181 182 178 177 175 174 172 172 169 166 165 164 161 142 85 68 67 68 90 100 100 101 97 95 
camera 104 65 66 67 70 69 72 72 73 73 74 74 77 77 76 61 54 54 60 102 127 132 134 135 136 135 140 141 142 141 144 145 145 150 150 151 152 151 150 152 155 157 159 160 162 164 164 166 168 170 171 170 173 173 173 177 177 179 179 183 183 184 185 186 187 186 187 187 186 185 186 187 186 186 185 187 185 186 186 185 182 185 181 182 180 182 181 181 181 183 181 181 181 180 179 179 178 176 174 173 172 173 173 174 173 173 171 169 167 166 164 164 162 159 157 157 153 136 82 65 65 65 86 96 96 97 93 92 
camera 106 66 68 69 72 72 75 74 76 76 76 77 80 79 78 63 55 55 61 107 133 139 141 142 142 141 146 147 149 148 150 152 153 155 156 158 160 158 158 160 163 165 167 168 170 172 172 174 176 178 179 179 181 181 181 185 186 187 188 191 192 193 193 195 196 195 196 196 195 194 195 196 194 194 195 196 194 196 195 193 192 194 190 191 190 191 190 191 191 192 191 191 191 188 189 188 186 186 183 182 181 182 182 184 181 182 179 178 175 174 173 172 170 167 165 165 162 142 84 67 67 67 90 99 100 101 97 95 
camera 104 65 67 68 71 71 73 73 75 75 76 76 78 78 77 62 55 54 60 104 129 135 137 138 138 137 143 143 144 144 146 148 149 152 153 154 155 154 154 156 159 160 162 163 165 167 168 170 171 173 174 174 176 176 177 180 181 182 183 186 187 188 189 191 191 191 192 192 190 189 190 193 191 191 190 192 189 191 191 190 187 190 185 186 184 186 185 186 186 186 186 185 186 183 183 183 181 180 177 176 176 176 176 178 176 176 174 173 171 169 168 167 164 162 161 160 157 138 83 67 65 67 88 97 98 98 96 93 
camera 106 65 68 70 72 72 74 74 77 76 77 77 80 79 79 64 56 55 61 106 132 138 141 141 142 141 146 147 148 147 150 152 153 155 156 158 159 158 157 160 163 164 166 167 169 171 171 174 175 178 178 178 180 181 181 185 186 187 188 191 192 193 194 195 196 195 197 197 195 194 195 196 194 195 195 196 194 196 196 194 192 194 190 191 188 191 190 190 190 191 190 190 190 188 187 187 185 184 182 180 180 181 181 183 180 181 178 177 175 173 172 171 169 166 165 164 161 142 85 68 66 68 89 99 100 100 97 95 
camera 103 64 67 68 70 70 73 73 75 74 75 75 78 77 77 62 55 54 60 103 128 134 137 137 138 137 142 142 144 144 146 147 148 151 151 153 154 153 152 154 157 159 161 162 164 166 165 169 170 172 173 172 175 175 175 179 180 181 182 184 186 186 187 188 190 188 190 190 188 187 188 190 188 189 188 189 186 188 188 186 184 187 183 184 182 183 183 184 184 185 184 184 184 182 181 182 180 179 176 176 174 175 175 177 175 175 172 172 170 168 166 166 164 161 160 159 155 138 82 66 65 66 87 96 97 98 95 92 
camera 106 67 69 70 72 73 75 75 77 77 78 78 80 80 79 64 57 56 62 107 134 140 142 143 144 142 148 149 150 149 152 154 154 158 159 160 161 161 160 162 165 166 168 170 171 174 174 176 177 181 181 181 183 184 184 188 189 190 191 194 195 197 197 198 199 198 200 200 198 198 198 200 197 198 198 199 197 199 198 197 194 197 192 193 192 194 192 193 193 194 194 193 193 191 190 190 188 187 184 183 182 183 184 185 182 183 181 179 177 176 174 173 171 168 166 166 163 144 86 69 67 68 90 100 102 102 98 96 
camera 104 64 66 67 69 70 71 71 74 73 74 75 77 77 75 61 54 53 59 102 127 133 135 135 136 135 140 140 142 142 143 145 145 149 150 150 152 150 150 152 155 156 159 159 162 163 164 166 168 170 171 170 173 173 174 176 177 179 179 182 183 184 185 186 186 186 186 187 185 184 186 187 185 185 185 186 185 186 185 184 182 185 181 181 180 182 181 181 181 182 182 181 181 179 179 178 177 176 174 173 172 173 173 174 173 173 171 170 167 166 164 164 161 159 157 157 153 136 82 66 64 65 86 95 97 96 93 91 
camera 106 66 68 69 72 72 75 74 77 76 77 77 80 79 79 64 56 55 61 106 132 138 141 142 143 141 147 147 148 148 150 151 152 156 156 158 159 158 158 160 163 164 166 167 170 172 172 174 175 178 179 179 181 181 182 185 186 187 188 192 193 194 194 196 197 196 197 197 195 195 196 197 195 196 195 197 194 196 196 194 192 194 191 191 189 191 190 190 190 192 191 190 190 188 187 187 185 184 182 181 180 181 181 183 180 180 178 177 175 173 171 171 168 166 164 164 160 142 85 68 67 67 89 99 100 100 97 96 
camera 104 65 67 69 71 71 74 73 75 75 75 76 79 79 77 63 55 55 61 104 130 136 138 139 140 138 143 144 146 145 148 149 150 153 154 155 156 155 155 157 160 162 164 164 167 168 169 171 172 175 175 175 177 178 178 182 183 184 185 188 189 190 191 192 194 192 194 194 193 192 193 195 192 193 192 193 191 193 192 191 188 191 186 187 185 187 186 187 187 187 186 186 186 184 184 184 181 181 178 177 176 177 178 179 177 177 175 174 171 170 168 168 165 163 162 161 157 138 83 67 66 67 88 98 98 99 96 94 
camera 104 66 68 70 72 72 75 75 77 76 78 78 80 80 79 64 56 55 62 107 134 140 142 143 144 142 148 148 150 149 152 153 153 158 158 160 160 159 159 162 164 166 168 169 171 173 173 175 176 179 180 180 183 183 184 187 188 190 191 193 195 196 196 197 199 198 199 199 197 197 198 199 197 197 197 198 196 198 198 196 194 197 192 193 191 194 192 193 193 194 193 192 192 191 190 190 187 187 184 183 182 183 183 185 183 183 180 179 177 175 174 173 171 168 167 166 162 144 86 69 67 69 90 100 101 102 98 96 
camera 102 64 66 68 69 70 72 72 74 73 74 75 77 76 76 61 54 54 60 101 127 133 135 135 136 135 140 141 141 142 144 145 146 149 149 151 152 151 151 152 155 156 159 159 162 164 164 166 167 170 171 171 173 173 173 177 177 179 180 182 184 185 185 186 187 185 187 187 186 185 186 187 185 186 186 187 185 186 186 185 182 185 181 182 180 182 181 182 182 183 182 181 181 179 179 179 177 177 174 173 172 173 173 175 172 173 171 169 167 166 165 164 162 159 158 158 154 136 82 65 65 65 87 95 97 96 93 92 
camera 105 67 69 70 72 73 75 75 77 77 78 78 80 80 79 64 56 56 62 107 134 140 142 142 143 142 147 148 149 149 151 153 154 157 158 159 160 160 159 161 164 166 168 169 170 173 173 175 176 179 180 180 182 182 183 187 187 189 191 193 195 195 196 198 199 197 199 199 198 197 198 199 198 198 197 199 196 198 198 196 193 196 192 192 191 192 191 192 192 193 192 191 191 190 189 189 187 186 183 182 181 181 182 184 181 182 179 178 175 174 173 173 170 167 166 165 161 142 85 68 67 69 90 100 101 101 97 96 
camera 105 65 66 68 70 70 73 72 74 74 74 75 78 77 76 61 55 54 60 103 128 133 135 137 137 136 141 142 142 142 144 146 146 150 151 152 152 152 152 153 156 158 160 161 163 165 165 167 168 171 171 171 173 173 174 178 178 179 181 183 185 185 186 188 188 187 189 189 187 186 187 189 187 187 187 188 186 188 188 186 183 187 182 183 181 182 182 182 182 183 182 182 182 180 179 180 178 177 175 174 173 173 173 175 173 173 171 170 168 166 164 165 162 159 158 157 153 136 82 66 65 66 87 96 97 97 94 92 
camera 106 66 69 70 72 72 75 75 77 77 77 78 80 80 79 64 57 55 62 107 133 140 142 143 144 142 147 148 150 149 152 153 154 158 159 160 161 160 159 161 164 165 168 169 171 173 173 176 177 180 181 180 183 183 184 187 188 190 191 193 195 196 197 198 199 198 199 199 198 196 198 199 197 198 197 199 196 198 197 196 194 197 192 193 191 194 192 193 193 194 193 192 193 190 190 190 188 187 184 183 182 182 183 185 183 184 180 179 177 175 174 174 171 168 167 166 162 143 85 69 67 68 90 100 101 101 98 96 
camera 103 64 67 68 70 70 73 72 74 74 75 75 77 77 77 62 55 54 60 103 128 134 136 137 138 136 141 142 143 143 145 146 147 150 151 153 153 152 152 154 157 158 161 162 163 165 165 168 169 172 172 172 174 174 176 179 179 181 182 184 185 186 187 189 189 189 191 190 189 188 189 191 188 188 188 190 187 190 190 187 185 188 183 184 182 184 183 183 183 184 184 183 183 181 181 180 179 178 175 175 174 174 174 176 174 174 172 171 169 167 166 165 163 160 159 158 154 137 82 66 65 66 87 96 97 97 94 92 
camera 106 66 68 70 73 72 75 75 77 76 78 78 81 79 79 64 57 56 62 107 133 139 141 141 143 141 147 147 148 148 150 152 153 156 157 159 160 159 159 161 163 165 168 168 170 172 172 175 176 179 179 180 182 182 183 186 187 189 191 192 194 195 196 197 198 197 199 198 197 196 197 199 197 197 197 198 196 198 197 196 193 196 191 193 190 192 191 192 192 193 192 191 191 190 188 188 186 186 183 182 180 181 181 183 181 181 179 178 175 174 172 171 169 166 165 165 161 142 85 68 67 68 90 100 101 101 98 96 
camera 102 64 67 68 70 70 72 72 75 74 74 75 78 77 76 62 55 54 60 102 126 131 133 134 136 134 139 140 142 142 144 145 146 149 150 151 152 151 151 153 156 158 160 161 162 164 164 167 168 171 171 171 173 173 175 177 179 179 180 183 184 185 186 188 189 187 188 189 187 186 188 189 187 187 187 188 186 187 188 186 183 186 182 183 182 183 182 182 182 183 182 182 182 180 180 180 178 177 175 173 173 173 174 175 173 173 171 170 168 166 165 165 162 160 159 157 153 136 82 66 65 66 86 96 96 96 94 92 
camera 106 67 69 71 73 73 76 75 77 77 78 79 81 80 79 64 56 56 62 106 132 138 140 141 141 140 146 147 148 148 150 152 153 157 158 159 161 160 160 162 165 167 169 170 172 174 175 177 178 181 182 182 184 185 185 189 190 191 193 195 197 198 198 200 201 200 201 202 200 199 200 202 200 200 200 201 199 201 201 199 196 199 194 195 193 195 194 195 194 196 194 194 194 192 191 191 188 188 185 184 183 184 185 186 183 184 181 180 178 177 175 174 172 169 167 167 163 144 86 69 67 69 91 101 102 102 99 97 
camera 103 64 67 67 70 70 72 72 74 74 74 75 78 77 76 61 55 54 60 101 124 130 132 133 134 133 137 138 139 140 142 143 144 148 148 150 151 150 149 152 155 157 159 160 163 165 165 167 169 171 172 172 174 174 175 178 179 180 181 184 185 186 187 188 189 188 190 190 188 187 188 190 187 188 188 189 187 188 188 187 184 187 182 183 182 184 182 183 183 184 183 182 182 181 180 180 178 178 175 174 173 174 174 176 173 174 171 171 169 167 165 165 163 160 159 158 154 137 82 66 65 66 87 96 97 97 95 92 
camera 106 66 69 70 72 72 74 74 76 76 77 77 80 79 78 64 56 55 61 104 129 134 137 137 138 137 143 143 145 144 147 149 150 153 154 155 157 156 156 158 161 163 165 166 168 171 171 174 175 178 179 178 181 181 181 185 185 187 188 191 193 194 194 196 197 196 197 197 196 195 196 198 195 196 196 197 195 196 196 194 192 194 190 191 189 192 190 191 191 192 191 190 190 188 187 187 185 185 182 181 180 180 181 183 180 180 178 178 174 173 172 172 169 166 165 165 161 142 85 68 67 68 89 99 100 100 97 95 
camera 105 65 68 69 72 71 74 74 76 75 76 77 79 78 77 63 56 55 61 103 127 132 135 136 136 135 140 141 142 143 144 147 148 151 152 153 154 154 153 155 159 160 163 164 166 168 169 171 173 175 176 176 178 179 179 183 183 185 185 188 190 191 192 193 194 193 195 195 194 193 194 196 193 194 193 195 192 194 194 192 190 192 187 188 186 188 187 188 187 188 187 186 187 185 184 184 183 182 179 178 177 178 178 179 177 178 175 174 172 170 169 168 166 163 162 162 158 140 84 67 66 67 88 98 99 99 96 94 
camera 106 67 70 71 73 73 75 75 77 77 78 78 81 80 79 64 56 54 62 106 131 136 139 139 140 139 145 145 147 147 149 151 152 155 156 158 159 159 158 161 164 165 168 169 171 174 174 176 178 181 181 182 184 184 185 188 189 191 192 195 197 197 197 199 200 200 201 201 199 199 200 202 199 200 200 201 198 200 199 198 195 198 193 195 193 194 193 194 194 194 194 193 193 192 191 191 189 188 185 184 183 184 184 186 184 184 181 180 178 176 175 174 172 169 167 167 164 144 85 69 67 69 91 101 102 102 98 97 
camera 103 64 66 67 69 69 72 72 74 73 74 75 77 76 75 61 54 54 59 100 123 128 131 132 133 131 136 137 139 138 141 143 144 147 148 149 150 149 149 151 154 156 159 160 162 163 163 166 168 170 170 171 173 173 173 177 178 179 180 183 184 185 185 186 187 186 188 188 187 186 187 188 186 187 186 188 186 188 187 186 183 186 182 183 181 183 182 182 183 183 182 182 182 180 180 180 178 178 175 174 173 174 174 176 173 174 171 170 168 166 165 164 162 159 158 158 154 136 82 66 65 66 87 96 97 96 95 92 
camera 105 67 69 70 73 73 76 75 77 77 78 78 81 80 79 64 57 56 62 105 130 136 139 139 140 139 144 146 147 147 149 151 152 155 156 158 159 159 159 161 164 165 168 169 171 173 173 176 178 180 181 181 183 184 184 188 189 191 191 195 196 197 198 199 200 199 202 201 199 198 200 202 199 199 199 201 198 200 200 198 195 198 193 194 192 194 193 193 193 194 193 192 192 190 190 190 187 187 184 183 182 183 183 185 182 182 180 179 177 175 174 173 170 168 166 166 162 144 86 69 68 69 90 100 101 101 99 96 
camera 103 64 67 68 70 70 73 72 74 74 75 75 78 77 76 61 55 54 59 101 125 130 132 133 133 133 138 139 140 140 142 144 145 148 149 150 152 151 150 152 156 158 160 161 163 164 165 168 169 171 172 173 174 174 175 178 179 180 181 184 186 186 187 188 190 189 191 190 188 187 189 191 189 188 188 190 187 189 189 188 185 187 183 184 182 183 182 183 183 184 183 183 183 181 180 180 178 177 175 174 173 174 174 176 174 174 171 171 168 167 166 165 163 160 158 158 154 137 82 67 66 66 87 96 97 97 94 92 
camera 104 67 69 70 73 73 75 75 78 77 77 78 80 80 79 65 56 56 62 106 131 137 140 140 141 140 145 147 148 147 150 152 152 156 158 160 160 159 160 161 165 166 169 170 171 174 174 176 178 181 181 182 184 184 185 188 190 191 192 195 196 197 198 200 201 200 201 201 200 199 200 202 200 200 199 201 199 200 200 198 196 198 194 195 193 195 194 193 194 195 194 194 194 192 191 191 189 187 185 184 183 184 184 185 183 184 181 181 178 176 174 174 172 169 168 167 163 144 85 69 67 69 90 101 102 102 99 97 
camera 104 64 67 68 70 70 72 72 74 74 75 75 77 77 76 62 55 54 60 101 124 131 133 133 134 133 138 139 140 140 143 145 145 148 149 150 152 151 151 153 156 158 161 161 163 165 166 168 169 172 173 172 175 175 176 179 179 181 182 184 185 187 187 190 190 189 191 191 189 188 189 191 189 189 190 190 188 190 190 188 185 187 184 184 182 184 183 184 184 184 184 183 183 181 180 181 179 178 175 175 174 174 174 176 174 175 172 171 169 167 166 165 163 161 159 159 155 137 82 67 65 66 87 96 97 97 95 93 
camera 104 66 68 69 72 72 75 74 77 76 77 77 80 79 78 63 56 55 61 104 129 135 137 138 139 138 144 144 146 146 148 149 150 154 155 156 158 157 157 159 162 164 166 167 169 171 172 174 175 178 178 178 181 181 182 186 186 188 188 191 193 194 194 196 197 196 198 198 196 195 197 198 195 196 196 197 194 197 197 195 192 195 191 192 190 192 190 191 191 192 191 191 190 188 188 188 186 185 182 181 180 181 181 183 180 181 178 178 175 173 172 172 169 166 165 165 160 143 84 68 67 68 89 99 100 100 97 95 
camera 104 65 67 69 71 71 73 73 75 75 76 76 79 79 77 63 56 55 61 103 127 133 135 136 137 136 141 142 143 142 146 147 148 152 152 154 155 154 154 156 159 161 163 164 166 169 169 172 172 175 175 175 178 178 179 182 183 185 185 188 191 191 192 193 194 193 195 195 193 193 193 195 193 193 193 194 192 194 193 192 189 192 187 188 186 188 186 187 187 188 187 187 187 184 184 184 181 181 179 178 177 178 178 179 177 177 175 174 172 171 169 168 165 163 162 161 158 140 83 67 66 67 88 98 99 99 96 93 
camera 104 67 69 71 73 73 76 76 78 78 78 78 81 80 80 65 57 56 62 106 132 138 140 141 141 141 146 147 148 148 150 153 153 157 158 159 161 160 160 162 165 167 169 171 172 174 175 178 179 182 182 182 185 185 185 189 190 192 192 195 197 198 199 201 202 200 202 202 200 200 200 202 201 201 201 201 199 202 201 199 197 199 195 196 193 196 194 195 195 196 195 194 194 192 191 192 190 188 186 184 184 184 185 187 184 184 182 181 178 177 175 175 172 170 168 168 164 145 86 69 67 68 91 101 102 103 99 97 
camera 105 64 67 67 70 70 72 72 74 74 74 75 77 76 76 61 54 53 59 100 124 130 132 132 133 132 138 138 139 139 142 143 143 147 148 149 151 150 149 152 155 156 159 159 161 164 164 167 168 170 171 171 173 173 173 177 178 179 180 183 183 185 185 187 187 187 189 189 187 186 187 188 186 187 187 188 186 188 188 186 183 186 181 183 181 183 182 182 182 183 182 181 182 180 180 179 178 177 174 174 173 173 174 175 173 173 171 170 168 166 165 164 162 159 158 158 154 137 81 66 65 66 87 96 97 97 94 91 
camera 106 67 70 71 73 73 76 76 78 78 78 79 82 81 79 64 57 56 63 106 131 137 139 140 141 140 145 146 147 147 150 152 153 156 158 159 160 159 159 161 164 166 169 169 171 174 174 177 179 181 182 182 184 185 185 188 190 191 193 196 197 197 198 201 202 201 203 202 201 200 202 203 201 201 201 202 199 202 201 200 196 198 194 195 193 195 193 194 194 195 194 193 193 191 190 191 188 187 185 184 182 183 184 185 182 183 181 179 177 176 174 173 171 168 167 167 162 144 87 69 68 69 90 100 101 102 99 96 
camera 102 65 67 68 71 71 73 73 75 75 76 76 79 78 76 62 55 55 60 101 125 131 133 134 135 133 139 140 141 141 143 145 146 149 150 151 152 152 151 153 157 159 161 162 164 166 166 169 170 173 174 174 176 176 177 180 181 183 183 186 188 188 190 191 192 191 193 193 191 191 192 194 191 191 191 192 190 192 191 190 186 190 185 186 183 185 184 185 185 186 185 184 184 183 182 181 180 179 176 176 175 175 175 177 175 175 173 172 170 168 166 166 164 161 160 159 155 138 83 67 65 67 87 97 98 98 95 93 
camera 105 67 69 70 73 73 75 75 77 77 77 78 81 79 78 64 56 56 61 105 130 136 138 139 140 139 144 145 146 146 148 151 151 155 155 158 159 158 158 160 163 165 167 169 170 173 173 176 177 180 181 181 183 184 184 188 189 190 191 194 196 197 197 199 200 199 200 200 199 198 199 201 199 198 199 200 198 200 199 197 195 198 194 194 192 194 193 194 194 194 194 193 193 191 191 191 188 188 185 184 183 184 184 185 183 184 181 180 177 175 174 174 171 169 167 167 163 144 85 69 67 69 91 101 101 102 98 96 
camera 106 65 68 68 70 71 73 73 75 74 75 75 78 77 76 62 55 54 60 101 124 131 133 133 134 133 139 139 140 140 143 144 145 148 149 151 152 151 151 153 156 158 160 161 163 166 166 169 170 173 173 173 175 176 176 180 181 182 183 186 187 188 189 191 192 191 192 193 191 190 192 194 191 192 191 192 190 192 192 190 187 189 185 186 184 186 185 185 184 186 185 184 184 182 182 181 180 179 177 176 175 175 176 177 175 175 173 172 170 168 167 166 164 161 160 159 155 137 83 67 66 67 87 97 98 98 95 93 
camera 105 67 69 70 72 73 75 75 77 77 78 78 80 80 78 64 56 55 61 104 129 135 137 138 139 138 143 144 145 145 148 150 151 154 155 156 158 156 157 159 163 164 166 167 170 172 173 175 176 179 179 180 182 182 183 187 188 190 191 193 195 196 196 198 199 199 200 200 198 198 199 201 199 198 199 199 197 199 199 197 195 197 193 194 191 194 192 192 193 194 192 191 192 191 189 189 187 186 183 182 181 182 182 184 182 182 180 179 176 175 173 173 170 167 166 165 162 143 85 68 67 69 90 100 101 101 98 96 
camera 105 65 67 68 71 71 73 73 75 74 76 76 78 77 76 63 55 54 60 100 124 131 133 133 134 133 138 139 141 140 142 144 145 148 149 151 152 151 151 153 156 158 160 161 164 166 166 169 171 173 174 174 176 176 177 180 181 182 183 186 188 188 190 191 192 191 193 193 191 191 192 194 192 192 192 193 190 192 192 190 187 190 185 186 183 186 185 185 185 185 185 184 184 182 182 182 180 179 176 176 175 175 175 177 175 175 173 171 170 168 167 167 164 161 160 159 155 138 83 67 66 67 88 97 98 98 95 93 
camera 105 68 70 71 73 73 77 76 78 78 78 79 81 80 79 64 56 57 63 106 132 137 140 140 141 140 146 147 147 148 151 152 153 157 158 159 161 160 160 162 165 167 169 171 173 175 176 179 180 183 184 184 186 186 188 191 192 193 195 198 200 200 201 203 204 203 205 205 203 203 203 206 203 204 203 205 203 205 204 202 199 202 197 198 196 197 197 197 196 198 196 196 196 194 193 193 191 191 187 186 185 186 186 188 185 186 183 182 179 178 176 176 173 171 169 169 164 145 87 69 68 69 91 102 103 102 100 98 
camera 104 63 66 67 69 69 72 71 73 73 73 74 76 76 74 61 54 53 59 99 121 127 129 130 131 130 134 135 137 137 139 140 142 145 146 146 148 147 148 149 152 154 156 157 159 162 162 164 166 168 169 169 171 171 172 175 176 177 178 181 182 183 183 185 186 185 186 186 185 184 185 187 185 186 185 187 184 186 185 184 182 184 180 181 179 181 180 180 180 181 181 180 179 178 177 177 176 175 172 172 171 171 171 173 171 171 169 168 166 164 163 163 160 158 156 155 152 135 81 65 64 65 86 94 96 96 93 91 
camera 107 68 71 72 74 75 77 77 79 79 79 80 82 81 80 65 57 57 64 107 133 139 141 142 143 142 147 148 150 150 152 154 155 159 160 161 163 162 162 164 167 169 171 173 175 178 178 181 182 185 185 186 188 189 189 194 194 196 197 200 202 203 204 206 206 205 208 207 206 205 207 208 206 206 205 207 205 206 206 204 201 204 199 200 198 199 198 198 198 199 198 198 198 196 195 195 193 192 189 188 186 187 188 190 187 187 184 183 181 179 178 177 174 172 170 170 166 146 88 71 69 70 92 102 104 103 100 98 
camera 105 64 66 67 70 69 72 72 74 73 74 75 77 76 75 61 55 54 60 100 122 128 131 131 132 131 136 137 138 138 141 142 143 146 147 148 149 149 149 151 153 155 158 159 161 162 163 165 167 169 170 170 172 173 173 176 178 179 179 182 185 185 186 187 188 187 190 189 187 186 188 189 187 188 187 188 186 188 188 186 183 185 181 182 180 182 181 182 181 182 181 181 181 179 178 178 177 176 173 173 172 172 173 174 172 172 169 169 167 165 164 163 161 158 156 156 153 135 81 66 65 66 86 95 96 97 93 91 
camera 106 67 69 70 73 73 76 76 78 77 78 78 81 80 79 64 56 56 62 105 131 137 139 140 141 140 145 146 147 147 149 151 152 156 157 158 160 159 159 161 165 166 169 170 172 174 174 178 178 181 182 182 184 185 185 189 190 192 193 195 196 197 199 200 201 200 202 202 200 200 201 203 200 201 200 202 199 201 201 199 197 200 195 196 194 196 195 195 195 196 195 194 194 193 192 192 190 189 186 185 184 185 185 187 184 185 182 182 178 177 176 175 172 169 168 168 164 145 85 69 68 69 91 101 102 102 99 97 
camera 105 65 68 69 71 71 74 73 76 75 76 76 79 78 77 62 56 55 60 102 126 131 134 134 136 134 139 140 142 142 144 145 146 150 151 152 153 153 152 155 158 160 162 163 165 168 168 170 172 175 175 175 177 178 178 181 182 184 185 187 188 190 192 193 194 193 195 194 194 192 194 196 194 194 193 194 192 194 194 192 190 192 186 188 186 187 187 186 186 187 186 186 185 184 183 183 181 181 178 177 176 177 177 179 176 177 174 173 171 170 168 168 165 162 161 160 157 139 83 67 66 67 88 97 98 98 96 93 
camera 105 67 69 69 72 72 75 74 76 76 77 78 80 79 78 63 56 55 61 104 129 135 137 138 139 137 143 144 145 145 147 150 150 154 155 156 158 157 158 159 163 164 167 168 169 172 172 175 176 179 179 180 182 183 183 187 188 189 190 193 194 196 197 198 199 197 200 200 198 197 199 200 198 199 198 200 197 199 199 197 194 197 192 193 191 193 192 193 192 193 193 192 192 190 189 189 187 186 183 182 181 182 183 185 181 182 180 178 176 175 173 172 170 167 166 165 162 142 85 69 67 69 90 100 101 101 98 96 
camera 104 66 68 69 71 71 74 74 75 76 76 77 79 78 77 63 56 55 61 103 127 133 135 136 137 135 140 142 143 141 144 147 148 151 152 153 155 154 153 156 159 161 163 164 167 168 169 171 173 175 176 176 178 179 180 183 184 185 185 188 188 190 192 194 194 194 196 195 194 193 194 196 194 194 194 195 193 194 194 192 190 193 188 188 186 188 188 187 188 188 187 187 187 185 185 184 182 182 179 178 177 178 178 179 177 177 175 174 172 170 169 168 166 163 162 161 158 140 84 68 66 68 88 98 99 99 95 93 
camera 105 68 70 72 74 74 77 77 79 78 79 79 82 82 80 65 57 57 62 107 134 140 141 143 144 142 148 149 150 150 152 154 155 159 160 162 163 162 162 164 168 170 172 173 175 177 178 180 183 185 186 186 189 190 190 194 195 196 197 199 199 201 203 205 206 205 207 207 205 205 206 207 206 205 205 207 205 206 205 204 201 204 199 200 198 200 198 199 199 200 199 198 199 197 196 196 193 192 189 189 188 188 188 190 188 188 185 184 181 180 178 178 175 173 171 171 166 147 88 70 68 70 92 103 104 104 100 98 
camera 102 64 67 67 70 69 72 72 74 73 75 75 77 77 76 61 54 53 59 100 123 130 131 132 133 132 137 137 139 138 141 143 143 147 148 149 150 150 150 151 155 156 158 160 162 163 165 167 168 170 171 171 173 174 174 178 178 179 180 182 182 184 186 187 188 188 190 189 187 187 188 190 187 187 187 189 186 189 188 186 184 187 182 184 182 184 182 183 183 184 183 182 183 180 180 180 178 177 175 174 173 173 174 176 173 174 172 171 168 167 166 165 163 160 158 158 154 136 82 66 65 66 86 96 97 97 94 92 
camera 107 67 70 71 73 73 76 75 78 77 78 79 81 80 79 64 57 56 62 106 131 136 138 139 140 139 144 145 146 147 149 151 151 155 156 158 159 159 158 161 164 166 169 169 171 174 175 177 178 181 182 182 184 184 186 188 190 192 193 196 198 198 199 201 203 202 203 203 202 201 202 204 201 202 202 203 201 203 202 200 197 200 195 196 194 196 194 195 194 195 194 194 194 192 191 191 189 188 185 184 183 184 184 186 183 183 181 181 177 176 174 174 172 169 168 167 163 144 86 69 68 69 91 101 102 102 99 97 
camera 105 64 67 68 71 70 73 72 75 74 75 76 78 77 76 62 55 54 60 101 124 130 132 133 134 133 138 138 139 140 142 144 144 148 149 150 151 151 150 152 156 158 160 160 163 165 166 168 169 172 173 172 175 175 176 179 180 181 182 185 186 187 188 190 192 190 192 192 191 189 191 193 191 191 191 192 189 191 191 189 187 189 184 185 183 185 184 184 184 185 184 184 184 182 181 181 180 179 176 176 174 175 175 177 174 175 173 171 169 168 166 166 164 161 160 159 155 137 83 67 66 67 87 96 98 98 95 92 
camera 105 67 69 70 73 73 75 75 77 77 77 78 81 80 78 64 56 56 62 105 130 136 138 139 140 139 145 145 146 146 149 151 152 155 156 158 159 158 158 160 163 165 168 169 171 173 173 176 178 180 181 181 183 184 185 188 190 191 192 195 197 197 198 200 201 200 201 202 200 199 200 202 200 201 201 201 199 201 200 199 196 198 194 195 193 195 194 194 194 195 194 194 194 192 192 191 190 189 185 185 184 184 184 186 184 184 182 181 178 177 175 175 172 169 167 167 163 144 86 69 67 69 91 101 102 102 99 97 
camera 105 65 68 68 70 70 73 73 75 74 76 76 78 77 76 63 56 54 60 101 125 131 133 134 135 133 139 140 140 140 143 145 145 149 150 151 152 151 151 153 157 159 161 162 164 166 166 169 170 173 174 173 176 176 177 180 181 182 183 186 188 188 190 192 193 192 193 193 192 191 192 194 192 192 192 193 191 193 192 191 188 191 185 187 184 186 185 185 185 186 185 185 185 183 182 182 181 180 177 176 175 176 176 178 176 176 173 172 170 168 167 167 164 162 160 159 156 138 83 67 65 66 87 97 98 98 95 92 
camera 107 67 69 70 73 72 75 75 77 77 77 78 80 80 79 64 56 55 61 104 129 135 137 138 139 138 143 144 145 145 148 150 151 154 155 156 158 156 156 159 163 164 167 168 170 172 173 175 176 179 180 180 182 182 183 187 187 189 190 192 194 195 196 197 199 198 199 199 198 197 198 200 198 198 198 199 197 198 198 196 193 197 192 193 191 193 191 192 192 193 192 192 191 190 189 189 186 186 183 182 182 182 182 184 182 182 179 178 176 174 173 172 170 167 166 165 161 143 85 68 67 68 90 100 101 101 98 96 
camera 105 65 67 68 71 71 73 73 75 75 75 75 78 77 77 62 55 54 61 101 125 130 133 133 135 133 138 139 140 140 143 145 145 149 150 151 152 152 151 154 157 158 161 162 164 166 166 169 170 173 173 173 175 176 176 180 181 182 183 185 187 188 188 191 192 191 193 192 191 190 191 193 190 191 191 192 190 191 191 190 186 189 185 186 183 185 184 185 185 185 184 184 184 182 181 181 179 178 176 175 174 175 175 176 174 175 173 172 169 168 166 166 163 161 160 159 155 138 82 67 65 67 88 97 98 98 95 92 
camera 106 67 70 71 73 74 76 76 78 78 79 79 82 81 80 65 57 56 62 106 132 138 140 141 142 141 147 148 149 148 151 153 153 158 159 161 161 161 160 163 166 168 171 172 174 176 176 179 180 183 184 183 186 187 187 191 192 194 194 198 199 200 201 203 204 203 205 205 203 202 203 205 203 203 203 205 202 204 204 201 199 201 197 198 196 197 196 197 196 197 196 196 196 194 194 193 192 191 187 186 184 186 186 188 185 186 183 182 180 178 177 176 173 171 169 168 165 145 87 69 68 69 91 102 103 103 100 98 
camera 103 63 66 66 69 68 71 71 73 73 73 74 76 75 75 60 54 53 58 98 122 128 129 130 131 130 135 136 137 137 139 141 142 145 146 147 149 148 147 150 153 154 157 158 160 162 162 165 166 168 169 169 171 171 172 175 176 177 178 181 182 182 183 185 186 185 186 186 185 185 186 187 184 185 185 186 184 186 185 184 181 184 180 181 179 181 180 180 180 182 180 180 180 178 178 178 177 176 173 172 171 172 172 174 172 173 170 169 166 165 163 163 161 158 157 157 153 136 81 65 64 65 86 95 96 96 93 90 
camera 105 68 70 72 74 74 77 77 78 79 79 79 82 82 80 65 57 57 63 107 133 138 142 142 144 142 148 148 150 150 153 154 155 160 160 162 163 162 163 164 168 170 173 174 176 178 179 181 183 186 187 186 189 190 190 194 194 196 197 201 202 203 204 206 207 206 208 208 206 205 206 208 206 206 206 207 205 207 206 205 202 205 200 201